2171
 8330 0.0001344370
 8340 0.0001308760
 8350 0.0001251240
 8360 0.0001160870
 8370 0.0001104650
 8380 0.0001053870
19230 0.0001030800
19240 0.0001155340
19250 0.0001286870
19260 0.0001434540
19270 0.0001589310
19280 0.0001751010
19290 0.0001921030
19300 0.0002092410
19310 0.0002264840
19320 0.0002438570
19330 0.0002612770
19340 0.0002785670
19350 0.0002957360
19360 0.0003127700
19370 0.0003293840
19380 0.0003456250
19390 0.0003609610
19400 0.0003754230
19410 0.0003893330
19420 0.0004013740
19430 0.0004127060
19440 0.0004230810
19450 0.0004317920
19460 0.0004397080
19470 0.0004460250
19480 0.0004508890
19490 0.0004547880
19500 0.0004563210
19510 0.0004570800
19520 0.0004566290
19530 0.0004550410
19540 0.0004529800
19550 0.0004502000
19560 0.0004471410
19570 0.0004438630
19580 0.0004405030
19590 0.0004371500
19600 0.0004338210
19610 0.0004308230
19620 0.0004280320
19630 0.0004258560
19640 0.0004241120
19650 0.0004227690
19660 0.0004219280
19670 0.0004212580
19680 0.0004208680
19690 0.0004204820
19700 0.0004200940
19710 0.0004196700
19720 0.0004192850
19730 0.0004189420
19740 0.0004186240
19750 0.0004182480
19760 0.0004177070
19770 0.0004170400
19780 0.0004163070
19790 0.0004155980
19800 0.0004149200
19810 0.0004142840
19820 0.0004138580
19830 0.0004134870
19840 0.0004131570
19850 0.0004127390
19860 0.0004122650
19870 0.0004116270
19880 0.0004109410
19890 0.0004101820
19900 0.0004093100
19910 0.0004083770
19920 0.0004073080
19930 0.0004061770
19940 0.0004050000
19950 0.0004037230
19960 0.0004024660
19970 0.0004012500
19980 0.0004001220
19990 0.0003990620
20000 0.0003982340
20010 0.0003975150
20020 0.0003968920
20030 0.0003962970
20040 0.0003957060
20050 0.0003951160
20060 0.0003944620
20070 0.0003937710
20080 0.0003929830
20090 0.0003921130
20100 0.0003911580
20110 0.0003900110
20120 0.0003887460
20130 0.0003872430
20140 0.0003856080
20150 0.0003839070
20160 0.0003822210
20170 0.0003805070
20180 0.0003787600
20190 0.0003769320
20200 0.0003750830
20210 0.0003732130
20220 0.0003713530
20230 0.0003695030
20240 0.0003678490
20250 0.0003663230
20260 0.0003649820
20270 0.0003638400
20280 0.0003627850
20290 0.0003618850
20300 0.0003610220
20310 0.0003601860
20320 0.0003593790
20330 0.0003585150
20340 0.0003575510
20350 0.0003563960
20360 0.0003551670
20370 0.0003538600
20380 0.0003525270
20390 0.0003511720
20400 0.0003498340
20410 0.0003485120
20420 0.0003472220
20430 0.0003459650
20440 0.0003447250
20450 0.0003435220
20460 0.0003423960
20470 0.0003413440
20480 0.0003404630
20490 0.0003395700
20500 0.0003386030
20510 0.0003374790
20520 0.0003362620
20530 0.0003347980
20540 0.0003332040
20550 0.0003314590
20560 0.0003296470
20570 0.0003278240
20580 0.0003260040
20590 0.0003241920
20600 0.0003223830
20610 0.0003205830
20620 0.0003188470
20630 0.0003171950
20640 0.0003157830
20650 0.0003144800
20660 0.0003133910
20670 0.0003124550
20680 0.0003116200
20690 0.0003109490
20700 0.0003102780
20710 0.0003096060
20720 0.0003089110
20730 0.0003081910
20740 0.0003073760
20750 0.0003064250
20760 0.0003053680
20770 0.0003040000
20780 0.0003025200
20790 0.0003008580
20800 0.0002991520
20810 0.0002974380
20820 0.0002957720
20830 0.0002942130
20840 0.0002927500
20850 0.0002915140
20860 0.0002903850
20870 0.0002894520
20880 0.0002886950
20890 0.0002880200
20900 0.0002873980
20910 0.0002867730
20920 0.0002861460
20930 0.0002852910
20940 0.0002843320
20950 0.0002831790
20960 0.0002819740
20970 0.0002807410
20980 0.0002795020
20990 0.0002782740
21000 0.0002770600
21010 0.0002758440
21020 0.0002746560
21030 0.0002735670
21040 0.0002725710
21050 0.0002716330
21060 0.0002708750
21070 0.0002701880
21080 0.0002696080
21090 0.0002690440
21100 0.0002684670
21110 0.0002678120
21120 0.0002671210
21130 0.0002664030
21140 0.0002656690
21150 0.0002649270
21160 0.0002641730
21170 0.0002634010
21180 0.0002626220
21190 0.0002618300
21200 0.0002610650
21210 0.0002603230
21220 0.0002596590
21230 0.0002590180
21240 0.0002584150
21250 0.0002578010
21260 0.0002571740
21270 0.0002564770
21280 0.0002556980
21290 0.0002548360
21300 0.0002538340
21310 0.0002527800
21320 0.0002516410
21330 0.0002503850
21340 0.0002490580
21350 0.0002475260
21360 0.0002459270
21370 0.0002442480
21380 0.0002424450
21390 0.0002405900
21400 0.0002386400
21410 0.0002367130
21420 0.0002348030
21430 0.0002329760
21440 0.0002311700
21450 0.0002293940
21460 0.0002276700
21470 0.0002259760
21480 0.0002243560
21490 0.0002228200
21500 0.0002213450
21510 0.0002200810
21520 0.0002189880
21530 0.0002181740
21540 0.0002176630
21550 0.0002172640
21560 0.0002169720
21570 0.0002166810
21580 0.0002163940
21590 0.0002160770
21600 0.0002157380
21610 0.0002153540
21620 0.0002149070
21630 0.0002144430
21640 0.0002140460
21650 0.0002135800
21660 0.0002130480
21670 0.0002122700
21680 0.0002114460
21690 0.0002105700
21700 0.0002097020
21710 0.0002088380
21720 0.0002079870
21730 0.0002071490
21740 0.0002063280
21750 0.0002054870
21760 0.0002045980
21770 0.0002035800
21780 0.0002025300
21790 0.0002014650
21800 0.0002004580
21810 0.0001994910
21820 0.0001985760
21830 0.0001977660
21840 0.0001969920
21850 0.0001962680
21860 0.0001955400
21870 0.0001948080
21880 0.0001940680
21890 0.0001932860
21900 0.0001924370
21910 0.0001914100
21920 0.0001903100
21930 0.0001891050
21940 0.0001878250
21950 0.0001864860
21960 0.0001850700
21970 0.0001836670
21980 0.0001822930
21990 0.0001809910
22000 0.0001797180
22010 0.0001784710
22020 0.0001772880
22030 0.0001761620
22040 0.0001751690
22050 0.0001742010
22060 0.0001732640
22070 0.0001723410
22080 0.0001714190
22090 0.0001704560
22100 0.0001694510
22110 0.0001684000
22120 0.0001672950
22130 0.0001661880
22140 0.0001651020
22150 0.0001641030
22160 0.0001631560
22170 0.0001623280
22180 0.0001615680
22190 0.0001608920
22200 0.0001603760
22210 0.0001599340
22220 0.0001596370
22230 0.0001593950
22240 0.0001591890
22250 0.0001590780
22260 0.0001590120
22270 0.0001590120
22280 0.0001590180
22290 0.0001590250
22300 0.0001590330
22310 0.0001590420
22320 0.0001590500
22330 0.0001590300
22340 0.0001589530
22350 0.0001587760
22360 0.0001585480
22370 0.0001583020
22380 0.0001580570
22390 0.0001578400
22400 0.0001576490
22410 0.0001575030
22420 0.0001573670
22430 0.0001572420
22440 0.0001571100
22450 0.0001569630
22460 0.0001567240
22470 0.0001564800
22480 0.0001562320
22490 0.0001560030
22500 0.0001557770
22510 0.0001555550
22520 0.0001552910
22530 0.0001550020
22540 0.0001546390
22550 0.0001542480
22560 0.0001538250
22570 0.0001533560
22580 0.0001528910
22590 0.0001524620
22600 0.0001520900
22610 0.0001517530
22620 0.0001514440
22630 0.0001511210
22640 0.0001507780
22650 0.0001503820
22660 0.0001499560
22670 0.0001494540
22680 0.0001488990
22690 0.0001483060
22700 0.0001477240
22710 0.0001471450
22720 0.0001465700
22730 0.0001460470
22740 0.0001455690
22750 0.0001452430
22760 0.0001450190
22770 0.0001448780
22780 0.0001447590
22790 0.0001446610
22800 0.0001446040
22810 0.0001445630
22820 0.0001445130
22830 0.0001443480
22840 0.0001441150
22850 0.0001438180
22860 0.0001435020
22870 0.0001431580
22880 0.0001427530
22890 0.0001422700
22900 0.0001417550
22910 0.0001412820
22920 0.0001408320
22930 0.0001404070
22940 0.0001399770
22950 0.0001395540
22960 0.0001391510
22970 0.0001387800
22980 0.0001384230
22990 0.0001379870
23000 0.0001375130
23010 0.0001369880
23020 0.0001364710
23030 0.0001359690
23040 0.0001355160
23050 0.0001350940
23060 0.0001346940
23070 0.0001343980
23080 0.0001341470
23090 0.0001339660
23100 0.0001338570
23110 0.0001337770
23120 0.0001337410
23130 0.0001337210
23140 0.0001337140
23150 0.0001335200
23160 0.0001332450
23170 0.0001328330
23180 0.0001322450
23190 0.0001315650
23200 0.0001306860
23210 0.0001296890
23220 0.0001285860
23230 0.0001274840
23240 0.0001263860
23250 0.0001252970
23260 0.0001242010
23270 0.0001231070
23280 0.0001220610
23290 0.0001210400
23300 0.0001200470
23310 0.0001191830
23320 0.0001183920
23330 0.0001177460
23340 0.0001172400
23350 0.0001168140
23360 0.0001165190
23370 0.0001162790
23380 0.0001161090
23390 0.0001160230
23400 0.0001159790
23410 0.0001160220
23420 0.0001161320
23430 0.0001162840
23440 0.0001164100
23450 0.0001165130
23460 0.0001165800
23470 0.0001165950
23480 0.0001165670
23490 0.0001164100
23500 0.0001161590
23510 0.0001158410
23520 0.0001155020
23530 0.0001152060
23540 0.0001149860
23550 0.0001148570
23560 0.0001147710
23570 0.0001147670
23580 0.0001148110
23590 0.0001148970
23600 0.0001150470
23610 0.0001151930
23620 0.0001153240
23630 0.0001154360
23640 0.0001155290
23650 0.0001155230
23660 0.0001154210
23670 0.0001152240
23680 0.0001148560
23690 0.0001144150
23700 0.0001138390
23710 0.0001131340
23720 0.0001123560
23730 0.0001114110
23740 0.0001104100
23750 0.0001093410
23760 0.0001081750
23770 0.0001069880
23780 0.0001057880
23790 0.0001046680
23800 0.0001035960
23810 0.0001026460
23820 0.0001018000
23830 0.0001010980
23840 0.0001006290
23850 0.0001002720
23860 0.0001001450
23870 0.0001000690
23880 0.0001000290
23890 0.0001000460
23900 0.0001000660
23910 0.0001000880
23920 0.0001001210
23930 0.0001001580
23940 0.0001002050
23950 0.0001002180
23960 0.0001002030
23970 0.0001000420
24950 0.0001496630
24960 0.0002155440
24970 0.0002810530
24980 0.0003461230
24990 0.0004125680
25000 0.0005295900
25010 0.0006056010
25020 0.0006804500
25030 0.0007549170
25040 0.0008288130
25050 0.0009007720
25060 0.0009072290
25070 0.0008981610
25080 0.0008879880
25090 0.0008767630
25100 0.0008631700
25110 0.0008481890
25120 0.0008321720
25130 0.0008146580
25140 0.0007951360
25150 0.0007745890
25160 0.0007536870
25170 0.0007315410
25180 0.0007082860
25190 0.0006840670
25200 0.0006589930
25210 0.0006335820
25220 0.0006071240
25230 0.0005800590
25240 0.0005531810
25250 0.0005265530
25260 0.0004997790
25270 0.0004727990
25280 0.0004455740
25290 0.0004197590
25300 0.0003943390
25310 0.0003692990
25320 0.0003456690
25330 0.0003225910
25340 0.0003003750
25350 0.0002791990
25360 0.0002593770
25370 0.0002407490
25380 0.0002232440
25390 0.0002068920
25400 0.0001915070
25410 0.0001770540
25420 0.0001632160
25430 0.0001497600
25440 0.0001393980
25450 0.0001293610
25460 0.0001196160
25470 0.0001102090
25480 0.0001027080
36200 0.0001007900
36210 0.0001033050
36220 0.0001057390
36230 0.0001078730
36240 0.0001095100
36250 0.0001109570
36260 0.0001123980
36270 0.0001138170
36280 0.0001151900
36290 0.0001165120
36300 0.0001176420
36310 0.0001185130
36320 0.0001189820
36330 0.0001189880
36340 0.0001186930
36350 0.0001181890
36360 0.0001176850
36370 0.0001175810
36380 0.0001174530
36390 0.0001171790
36400 0.0001166700
36410 0.0001164170
36420 0.0001164950
36430 0.0001169930
36440 0.0001183880
36450 0.0001202390
36460 0.0001222960
36470 0.0001244080
36480 0.0001263500
36490 0.0001281270
36500 0.0001299360
36510 0.0001319790
36520 0.0001345140
36530 0.0001370150
36540 0.0001394220
36550 0.0001416550
36560 0.0001437500
36570 0.0001457900
36580 0.0001478900
36590 0.0001503280
36600 0.0001529340
36610 0.0001552280
36620 0.0001571040
36630 0.0001584840
36640 0.0001595140
36650 0.0001603450
36660 0.0001610330
36670 0.0001616870
36680 0.0001621510
36690 0.0001624060
36700 0.0001624260
36710 0.0001621160
36720 0.0001618320
36730 0.0001618310
36740 0.0001623310
36750 0.0001635330
36760 0.0001651030
36770 0.0001670460
36780 0.0001694020
36790 0.0001716580
36800 0.0001739470
36810 0.0001764010
36820 0.0001792860
36830 0.0001822960
36840 0.0001853170
36850 0.0001882720
36860 0.0001909590
36870 0.0001930010
36880 0.0001949890
36890 0.0001971530
36900 0.0001999650
36910 0.0002029110
36920 0.0002059690
36930 0.0002091340
36940 0.0002123850
36950 0.0002155850
36960 0.0002189740
36970 0.0002227110
36980 0.0002269060
36990 0.0002311870
37000 0.0002355870
37010 0.0002401420
37020 0.0002447890
37030 0.0002497040
37040 0.0002549990
37050 0.0002608810
37060 0.0002672730
37070 0.0002740720
37080 0.0002812400
37090 0.0002887540
37100 0.0002961740
37110 0.0003037540
37120 0.0003116350
37130 0.0003202160
37140 0.0003294900
37150 0.0003392930
37160 0.0003495610
37170 0.0003601020
37180 0.0003709800
37190 0.0003825530
37200 0.0003950530
37210 0.0004089890
37220 0.0004236680
37230 0.0004388320
37240 0.0004543100
37250 0.0004697440
37260 0.0004855620
37270 0.0005020270
37280 0.0005195270
37290 0.0005383670
37300 0.0005580410
37310 0.0005785690
37320 0.0006001360
37330 0.0006232720
37340 0.0006479270
37350 0.0006741270
37360 0.0007021330
37370 0.0007315790
37380 0.0007620920
37390 0.0007936230
37400 0.0008262810
37410 0.0008603660
37420 0.0008960400
37430 0.0009334420
37440 0.0009729690
37450 0.0010141500
37460 0.0010571300
37470 0.0011021100
37480 0.0011500200
37490 0.0012000300
37500 0.0012520400
37510 0.0013061600
37520 0.0013623400
37530 0.0014196400
37540 0.0014783200
37550 0.0015388900
37560 0.0016022100
37570 0.0016674500
37580 0.0017345300
37590 0.0018036500
37600 0.0018749600
37610 0.0019486400
37620 0.0020250600
37630 0.0021054700
37640 0.0021894000
37650 0.0022762200
37660 0.0023659900
37670 0.0024601900
37680 0.0025583900
37690 0.0026603600
37700 0.0027662200
37710 0.0028776000
37720 0.0029922900
37730 0.0031100600
37740 0.0032310400
37750 0.0033581200
37760 0.0034893300
37770 0.0036246400
37780 0.0037643800
37790 0.0039099600
37800 0.0040597000
37810 0.0042141000
37820 0.0043747000
37830 0.0045439900
37840 0.0047196300
37850 0.0049017100
37860 0.0050916300
37870 0.0052897600
37880 0.0054946600
37890 0.0057067100
37900 0.0059296300
37910 0.0061634400
37920 0.0064062400
37930 0.0066580400
37940 0.0069233000
37950 0.0072003400
37960 0.0074883300
37970 0.0077879200
37980 0.0081069000
37990 0.0084401500
38000 0.0087871500
38010 0.0091485500
38020 0.0095328300
38030 0.0099335200
38040 0.0103515000
38050 0.0107898000
38060 0.0112570000
38070 0.0117453000
38080 0.0122555000
38090 0.0127928000
38100 0.0133640000
38110 0.0139623000
38120 0.0145886000
38130 0.0152532000
38140 0.0159597000
38150 0.0167010000
38160 0.0174779000
38170 0.0183063000
38180 0.0191844000
38190 0.0201064000
38200 0.0210743000
38210 0.0221142000
38220 0.0232141000
38230 0.0243712000
38240 0.0255877000
38250 0.0269016000
38260 0.0282865000
38270 0.0297446000
38280 0.0312841000
38290 0.0329473000
38300 0.0347012000
38310 0.0365498000
38320 0.0385111000
38330 0.0406227000
38340 0.0428506000
38350 0.0451983000
38360 0.0477024000
38370 0.0503878000
38380 0.0532213000
38390 0.0562075000
38400 0.0594065000
38410 0.0628223000
38420 0.0664231000
38430 0.0702165000
38440 0.0742950000
38450 0.0786246000
38460 0.0831837000
38470 0.0879802000
38480 0.0931487000
38490 0.0986030000
38500 0.1043350000
38510 0.1103600000
38520 0.1168430000
38530 0.1236430000
38540 0.1307690000
38550 0.1382600000
38560 0.1462510000
38570 0.1546010000
38580 0.1633120000
38590 0.1724570000
38600 0.1821110000
38610 0.1921450000
38620 0.2025550000
38630 0.2134400000
38640 0.2248040000
38650 0.2365330000
38660 0.2486260000
38670 0.2611910000
38680 0.2741520000
38690 0.2874320000
38700 0.3010190000
38710 0.3150100000
38720 0.3292710000
38730 0.3437590000
38740 0.3584600000
38750 0.3734110000
38760 0.3884910000
38770 0.4036750000
38780 0.4189380000
38790 0.4342340000
38800 0.4495140000
38810 0.4647480000
38820 0.4799010000
38830 0.4948970000
38840 0.5097510000
38850 0.5244350000
38860 0.5388810000
38870 0.5530330000
38880 0.5669360000
38890 0.5805800000
38900 0.5938690000
38910 0.6067940000
38920 0.6194160000
38930 0.6317290000
38940 0.6435970000
38950 0.6550870000
38960 0.6662480000
38970 0.6770800000
38980 0.6874170000
38990 0.6974010000
39000 0.7070620000
39010 0.7163940000
39020 0.7252350000
39030 0.7337700000
39040 0.7419990000
39050 0.7499000000
39060 0.7573750000
39070 0.7645740000
39080 0.7714990000
39090 0.7781130000
39100 0.7843720000
39110 0.7903830000
39120 0.7961520000
39130 0.8016220000
39140 0.8067910000
39150 0.8117380000
39160 0.8164670000
39170 0.8209170000
39180 0.8251200000
39190 0.8291250000
39200 0.8329380000
39210 0.8364890000
39220 0.8398400000
39230 0.8430180000
39240 0.8460290000
39250 0.8488080000
39260 0.8514310000
39270 0.8539060000
39280 0.8562280000
39290 0.8583520000
39300 0.8603480000
39310 0.8622170000
39320 0.8639470000
39330 0.8655200000
39340 0.8669860000
39350 0.8683490000
39360 0.8695880000
39370 0.8707080000
39380 0.8717450000
39390 0.8727010000
39400 0.8735540000
39410 0.8743200000
39420 0.8750230000
39430 0.8756650000
39440 0.8762240000
39450 0.8767210000
39460 0.8771700000
39470 0.8775740000
39480 0.8779150000
39490 0.8782130000
39500 0.8784780000
39510 0.8787130000
39520 0.8789080000
39530 0.8790770000
39540 0.8792240000
39550 0.8793540000
39560 0.8794630000
39570 0.8795570000
39580 0.8796400000
39590 0.8797130000
39600 0.8797780000
39610 0.8798360000
39620 0.8798860000
39630 0.8799310000
39640 0.8799770000
39650 0.8800220000
39660 0.8800640000
39670 0.8801030000
39680 0.8801470000
39690 0.8801940000
39700 0.8802430000
39710 0.8802950000
39720 0.8803540000
39730 0.8804190000
39740 0.8804890000
39750 0.8805630000
39760 0.8806440000
39770 0.8807310000
39780 0.8808280000
39790 0.8809250000
39800 0.8810280000
39810 0.8811370000
39820 0.8812520000
39830 0.8813700000
39840 0.8814900000
39850 0.8816140000
39860 0.8817440000
39870 0.8818790000
39880 0.8820140000
39890 0.8821500000
39900 0.8822940000
39910 0.8824410000
39920 0.8825880000
39930 0.8827350000
39940 0.8828850000
39950 0.8830370000
39960 0.8831900000
39970 0.8833420000
39980 0.8834920000
39990 0.8836470000
40000 0.8838010000
40010 0.8839550000
40020 0.8841040000
40030 0.8842570000
40040 0.8844100000
40050 0.8845630000
40060 0.8847140000
40070 0.8848670000
40080 0.8850200000
40090 0.8851760000
40100 0.8853250000
40110 0.8854730000
40120 0.8856190000
40130 0.8857680000
40140 0.8859110000
40150 0.8860530000
40160 0.8861930000
40170 0.8863330000
40180 0.8864710000
40190 0.8866060000
40200 0.8867370000
40210 0.8868690000
40220 0.8870040000
40230 0.8871370000
40240 0.8872650000
40250 0.8873950000
40260 0.8875240000
40270 0.8876510000
40280 0.8877750000
40290 0.8878940000
40300 0.8880130000
40310 0.8881320000
40320 0.8882480000
40330 0.8883570000
40340 0.8884660000
40350 0.8885750000
40360 0.8886810000
40370 0.8887810000
40380 0.8888790000
40390 0.8889760000
40400 0.8890740000
40410 0.8891680000
40420 0.8892580000
40430 0.8893460000
40440 0.8894350000
40450 0.8895200000
40460 0.8896020000
40470 0.8896800000
40480 0.8897550000
40490 0.8898310000
40500 0.8899020000
40510 0.8899660000
40520 0.8900260000
40530 0.8900840000
40540 0.8901400000
40550 0.8901920000
40560 0.8902380000
40570 0.8902820000
40580 0.8903260000
40590 0.8903680000
40600 0.8904030000
40610 0.8904370000
40620 0.8904710000
40630 0.8905030000
40640 0.8905300000
40650 0.8905520000
40660 0.8905710000
40670 0.8905890000
40680 0.8906050000
40690 0.8906150000
40700 0.8906200000
40710 0.8906230000
40720 0.8906240000
40730 0.8906210000
40740 0.8906160000
40750 0.8906090000
40760 0.8906050000
40770 0.8906010000
40780 0.8905930000
40790 0.8905820000
40800 0.8905740000
40810 0.8905680000
40820 0.8905630000
40830 0.8905540000
40840 0.8905440000
40850 0.8905340000
40860 0.8905250000
40870 0.8905120000
40880 0.8905000000
40890 0.8904880000
40900 0.8904800000
40910 0.8904740000
40920 0.8904670000
40930 0.8904610000
40940 0.8904590000
40950 0.8904640000
40960 0.8904700000
40970 0.8904760000
40980 0.8904830000
40990 0.8904940000
41000 0.8905060000
41010 0.8905190000
41020 0.8905290000
41030 0.8905420000
41040 0.8905570000
41050 0.8905740000
41060 0.8905910000
41070 0.8906100000
41080 0.8906330000
41090 0.8906610000
41100 0.8906920000
41110 0.8907220000
41120 0.8907540000
41130 0.8907910000
41140 0.8908310000
41150 0.8908710000
41160 0.8909110000
41170 0.8909490000
41180 0.8909890000
41190 0.8910260000
41200 0.8910600000
41210 0.8910910000
41220 0.8911240000
41230 0.8911560000
41240 0.8911880000
41250 0.8912150000
41260 0.8912400000
41270 0.8912670000
41280 0.8912970000
41290 0.8913240000
41300 0.8913520000
41310 0.8913780000
41320 0.8914060000
41330 0.8914330000
41340 0.8914570000
41350 0.8914760000
41360 0.8914930000
41370 0.8915060000
41380 0.8915150000
41390 0.8915180000
41400 0.8915110000
41410 0.8915010000
41420 0.8914880000
41430 0.8914730000
41440 0.8914520000
41450 0.8914290000
41460 0.8914060000
41470 0.8913830000
41480 0.8913580000
41490 0.8913290000
41500 0.8912980000
41510 0.8912670000
41520 0.8912320000
41530 0.8911910000
41540 0.8911440000
41550 0.8910910000
41560 0.8910350000
41570 0.8909730000
41580 0.8909060000
41590 0.8908340000
41600 0.8907590000
41610 0.8906850000
41620 0.8906110000
41630 0.8905340000
41640 0.8904560000
41650 0.8903790000
41660 0.8903040000
41670 0.8902280000
41680 0.8901480000
41690 0.8900660000
41700 0.8899830000
41710 0.8898990000
41720 0.8898110000
41730 0.8897190000
41740 0.8896240000
41750 0.8895280000
41760 0.8894310000
41770 0.8893320000
41780 0.8892290000
41790 0.8891290000
41800 0.8890300000
41810 0.8889340000
41820 0.8888400000
41830 0.8887460000
41840 0.8886550000
41850 0.8885670000
41860 0.8884830000
41870 0.8884000000
41880 0.8883170000
41890 0.8882360000
41900 0.8881580000
41910 0.8880810000
41920 0.8880020000
41930 0.8879210000
41940 0.8878430000
41950 0.8877690000
41960 0.8876960000
41970 0.8876230000
41980 0.8875530000
41990 0.8874870000
42000 0.8874260000
42010 0.8873680000
42020 0.8873150000
42030 0.8872660000
42040 0.8872220000
42050 0.8871840000
42060 0.8871480000
42070 0.8871130000
42080 0.8870800000
42090 0.8870500000
42100 0.8870250000
42110 0.8870000000
42120 0.8869750000
42130 0.8869510000
42140 0.8869320000
42150 0.8869160000
42160 0.8869020000
42170 0.8868900000
42180 0.8868830000
42190 0.8868810000
42200 0.8868830000
42210 0.8868900000
42220 0.8868990000
42230 0.8869090000
42240 0.8869210000
42250 0.8869350000
42260 0.8869470000
42270 0.8869560000
42280 0.8869630000
42290 0.8869680000
42300 0.8869690000
42310 0.8869640000
42320 0.8869530000
42330 0.8869370000
42340 0.8869220000
42350 0.8869080000
42360 0.8868950000
42370 0.8868840000
42380 0.8868780000
42390 0.8868770000
42400 0.8868850000
42410 0.8869000000
42420 0.8869200000
42430 0.8869460000
42440 0.8869790000
42450 0.8870150000
42460 0.8870500000
42470 0.8870850000
42480 0.8871180000
42490 0.8871510000
42500 0.8871820000
42510 0.8872100000
42520 0.8872340000
42530 0.8872610000
42540 0.8872890000
42550 0.8873210000
42560 0.8873550000
42570 0.8873910000
42580 0.8874300000
42590 0.8874740000
42600 0.8875210000
42610 0.8875700000
42620 0.8876180000
42630 0.8876660000
42640 0.8877130000
42650 0.8877590000
42660 0.8878030000
42670 0.8878410000
42680 0.8878760000
42690 0.8879100000
42700 0.8879420000
42710 0.8879710000
42720 0.8879970000
42730 0.8880220000
42740 0.8880480000
42750 0.8880760000
42760 0.8881050000
42770 0.8881340000
42780 0.8881640000
42790 0.8881980000
42800 0.8882340000
42810 0.8882690000
42820 0.8883020000
42830 0.8883320000
42840 0.8883590000
42850 0.8883850000
42860 0.8884060000
42870 0.8884210000
42880 0.8884330000
42890 0.8884420000
42900 0.8884500000
42910 0.8884540000
42920 0.8884570000
42930 0.8884600000
42940 0.8884650000
42950 0.8884720000
42960 0.8884820000
42970 0.8884920000
42980 0.8885020000
42990 0.8885130000
43000 0.8885240000
43010 0.8885350000
43020 0.8885430000
43030 0.8885490000
43040 0.8885530000
43050 0.8885560000
43060 0.8885540000
43070 0.8885480000
43080 0.8885390000
43090 0.8885280000
43100 0.8885190000
43110 0.8885090000
43120 0.8885000000
43130 0.8884890000
43140 0.8884780000
43150 0.8884670000
43160 0.8884580000
43170 0.8884490000
43180 0.8884400000
43190 0.8884300000
43200 0.8884200000
43210 0.8884070000
43220 0.8883890000
43230 0.8883680000
43240 0.8883440000
43250 0.8883160000
43260 0.8882850000
43270 0.8882520000
43280 0.8882140000
43290 0.8881710000
43300 0.8881260000
43310 0.8880790000
43320 0.8880330000
43330 0.8879850000
43340 0.8879360000
43350 0.8878860000
43360 0.8878360000
43370 0.8877830000
43380 0.8877270000
43390 0.8876690000
43400 0.8876080000
43410 0.8875440000
43420 0.8874770000
43430 0.8874040000
43440 0.8873260000
43450 0.8872410000
43460 0.8871520000
43470 0.8870610000
43480 0.8869640000
43490 0.8868620000
43500 0.8867570000
43510 0.8866480000
43520 0.8865360000
43530 0.8864210000
43540 0.8863040000
43550 0.8861830000
43560 0.8860580000
43570 0.8859290000
43580 0.8857970000
43590 0.8856600000
43600 0.8855170000
43610 0.8853680000
43620 0.8852140000
43630 0.8850520000
43640 0.8848800000
43650 0.8847030000
43660 0.8845190000
43670 0.8843290000
43680 0.8841330000
43690 0.8839330000
43700 0.8837280000
43710 0.8835190000
43720 0.8833070000
43730 0.8830940000
43740 0.8828810000
43750 0.8826660000
43760 0.8824500000
43770 0.8822320000
43780 0.8820150000
43790 0.8817930000
43800 0.8815700000
43810 0.8813450000
43820 0.8811150000
43830 0.8808830000
43840 0.8806500000
43850 0.8804150000
43860 0.8801810000
43870 0.8799460000
43880 0.8797110000
43890 0.8794790000
43900 0.8792480000
43910 0.8790230000
43920 0.8788020000
43930 0.8785850000
43940 0.8783730000
43950 0.8781660000
43960 0.8779620000
43970 0.8777620000
43980 0.8775680000
43990 0.8773800000
44000 0.8771960000
44010 0.8770160000
44020 0.8768410000
44030 0.8766710000
44040 0.8765050000
44050 0.8763440000
44060 0.8761930000
44070 0.8760460000
44080 0.8759050000
44090 0.8757720000
44100 0.8756460000
44110 0.8755270000
44120 0.8754160000
44130 0.8753150000
44140 0.8752240000
44150 0.8751420000
44160 0.8750670000
44170 0.8750020000
44180 0.8749450000
44190 0.8748940000
44200 0.8748490000
44210 0.8748110000
44220 0.8747780000
44230 0.8747490000
44240 0.8747240000
44250 0.8747020000
44260 0.8746850000
44270 0.8746720000
44280 0.8746610000
44290 0.8746590000
44300 0.8746610000
44310 0.8746680000
44320 0.8746800000
44330 0.8746980000
44340 0.8747210000
44350 0.8747500000
44360 0.8747840000
44370 0.8748220000
44380 0.8748630000
44390 0.8749060000
44400 0.8749510000
44410 0.8749980000
44420 0.8750460000
44430 0.8750940000
44440 0.8751430000
44450 0.8751920000
44460 0.8752420000
44470 0.8752920000
44480 0.8753400000
44490 0.8753890000
44500 0.8754380000
44510 0.8754860000
44520 0.8755370000
44530 0.8755870000
44540 0.8756380000
44550 0.8756890000
44560 0.8757410000
44570 0.8757930000
44580 0.8758450000
44590 0.8758960000
44600 0.8759450000
44610 0.8759930000
44620 0.8760400000
44630 0.8760840000
44640 0.8761270000
44650 0.8761660000
44660 0.8762020000
44670 0.8762360000
44680 0.8762650000
44690 0.8762930000
44700 0.8763190000
44710 0.8763400000
44720 0.8763600000
44730 0.8763790000
44740 0.8763960000
44750 0.8764100000
44760 0.8764200000
44770 0.8764290000
44780 0.8764350000
44790 0.8764410000
44800 0.8764430000
44810 0.8764430000
44820 0.8764400000
44830 0.8764310000
44840 0.8764190000
44850 0.8764040000
44860 0.8763840000
44870 0.8763600000
44880 0.8763320000
44890 0.8763020000
44900 0.8762680000
44910 0.8762330000
44920 0.8761940000
44930 0.8761520000
44940 0.8761080000
44950 0.8760610000
44960 0.8760130000
44970 0.8759640000
44980 0.8759100000
44990 0.8758530000
45000 0.8757920000
45010 0.8757280000
45020 0.8756610000
45030 0.8755900000
45040 0.8755150000
45050 0.8754370000
45060 0.8753550000
45070 0.8752690000
45080 0.8751800000
45090 0.8750880000
45100 0.8749870000
45110 0.8748840000
45120 0.8747790000
45130 0.8746700000
45140 0.8745570000
45150 0.8744410000
45160 0.8743210000
45170 0.8741970000
45180 0.8740700000
45190 0.8739420000
45200 0.8738100000
45210 0.8736740000
45220 0.8735340000
45230 0.8733920000
45240 0.8732480000
45250 0.8730990000
45260 0.8729450000
45270 0.8727880000
45280 0.8726270000
45290 0.8724640000
45300 0.8722980000
45310 0.8721300000
45320 0.8719580000
45330 0.8717830000
45340 0.8716050000
45350 0.8714270000
45360 0.8712520000
45370 0.8710730000
45380 0.8708940000
45390 0.8707150000
45400 0.8705340000
45410 0.8703550000
45420 0.8701760000
45430 0.8699960000
45440 0.8698130000
45450 0.8696290000
45460 0.8694440000
45470 0.8692560000
45480 0.8690690000
45490 0.8688780000
45500 0.8686850000
45510 0.8684910000
45520 0.8682970000
45530 0.8681040000
45540 0.8679110000
45550 0.8677190000
45560 0.8675280000
45570 0.8673410000
45580 0.8671570000
45590 0.8669740000
45600 0.8667960000
45610 0.8666170000
45620 0.8664400000
45630 0.8662670000
45640 0.8661000000
45650 0.8659350000
45660 0.8657720000
45670 0.8656100000
45680 0.8654500000
45690 0.8652930000
45700 0.8651400000
45710 0.8649880000
45720 0.8648390000
45730 0.8646890000
45740 0.8645390000
45750 0.8643920000
45760 0.8642480000
45770 0.8641060000
45780 0.8639650000
45790 0.8638270000
45800 0.8636910000
45810 0.8635580000
45820 0.8634320000
45830 0.8633090000
45840 0.8631890000
45850 0.8630710000
45860 0.8629560000
45870 0.8628460000
45880 0.8627390000
45890 0.8626330000
45900 0.8625260000
45910 0.8624200000
45920 0.8623140000
45930 0.8622100000
45940 0.8621100000
45950 0.8620100000
45960 0.8619100000
45970 0.8618110000
45980 0.8617160000
45990 0.8616240000
46000 0.8615340000
46010 0.8614480000
46020 0.8613600000
46030 0.8612750000
46040 0.8611930000
46050 0.8611120000
46060 0.8610340000
46070 0.8609550000
46080 0.8608750000
46090 0.8607910000
46100 0.8607110000
46110 0.8606300000
46120 0.8605490000
46130 0.8604690000
46140 0.8603850000
46150 0.8603010000
46160 0.8602180000
46170 0.8601370000
46180 0.8600560000
46190 0.8599730000
46200 0.8598900000
46210 0.8598040000
46220 0.8597200000
46230 0.8596370000
46240 0.8595540000
46250 0.8594680000
46260 0.8593800000
46270 0.8592900000
46280 0.8592000000
46290 0.8591140000
46300 0.8590250000
46310 0.8589350000
46320 0.8588450000
46330 0.8587520000
46340 0.8586600000
46350 0.8585690000
46360 0.8584770000
46370 0.8583800000
46380 0.8582820000
46390 0.8581830000
46400 0.8580820000
46410 0.8579830000
46420 0.8578820000
46430 0.8577800000
46440 0.8576740000
46450 0.8575680000
46460 0.8574640000
46470 0.8573600000
46480 0.8572600000
46490 0.8571570000
46500 0.8570550000
46510 0.8569530000
46520 0.8568530000
46530 0.8567550000
46540 0.8566580000
46550 0.8565600000
46560 0.8564600000
46570 0.8563610000
46580 0.8562640000
46590 0.8561690000
46600 0.8560750000
46610 0.8559810000
46620 0.8558850000
46630 0.8557900000
46640 0.8556990000
46650 0.8556100000
46660 0.8555230000
46670 0.8554390000
46680 0.8553550000
46690 0.8552740000
46700 0.8551980000
46710 0.8551270000
46720 0.8550590000
46730 0.8549920000
46740 0.8549260000
46750 0.8548620000
46760 0.8548040000
46770 0.8547500000
46780 0.8546990000
46790 0.8546490000
46800 0.8546020000
46810 0.8545590000
46820 0.8545190000
46830 0.8544890000
46840 0.8544640000
46850 0.8544420000
46860 0.8544230000
46870 0.8544090000
46880 0.8544000000
46890 0.8543960000
46900 0.8543990000
46910 0.8544030000
46920 0.8544080000
46930 0.8544150000
46940 0.8544270000
46950 0.8544460000
46960 0.8544700000
46970 0.8544970000
46980 0.8545260000
46990 0.8545600000
47000 0.8545980000
47010 0.8546410000
47020 0.8546920000
47030 0.8547460000
47040 0.8548010000
47050 0.8548560000
47060 0.8549180000
47070 0.8549840000
47080 0.8550540000
47090 0.8551280000
47100 0.8552040000
47110 0.8552810000
47120 0.8553620000
47130 0.8554480000
47140 0.8555410000
47150 0.8556380000
47160 0.8557360000
47170 0.8558360000
47180 0.8559380000
47190 0.8560450000
47200 0.8561550000
47210 0.8562660000
47220 0.8563780000
47230 0.8564880000
47240 0.8565980000
47250 0.8567100000
47260 0.8568240000
47270 0.8569380000
47280 0.8570480000
47290 0.8571570000
47300 0.8572630000
47310 0.8573700000
47320 0.8574800000
47330 0.8575920000
47340 0.8577020000
47350 0.8578110000
47360 0.8579190000
47370 0.8580270000
47380 0.8581380000
47390 0.8582510000
47400 0.8583630000
47410 0.8584710000
47420 0.8585770000
47430 0.8586820000
47440 0.8587850000
47450 0.8588880000
47460 0.8589890000
47470 0.8590850000
47480 0.8591750000
47490 0.8592630000
47500 0.8593500000
47510 0.8594360000
47520 0.8595220000
47530 0.8596020000
47540 0.8596790000
47550 0.8597530000
47560 0.8598260000
47570 0.8598990000
47580 0.8599710000
47590 0.8600410000
47600 0.8601040000
47610 0.8601650000
47620 0.8602240000
47630 0.8602830000
47640 0.8603410000
47650 0.8603960000
47660 0.8604480000
47670 0.8604940000
47680 0.8605380000
47690 0.8605830000
47700 0.8606280000
47710 0.8606710000
47720 0.8607100000
47730 0.8607450000
47740 0.8607770000
47750 0.8608070000
47760 0.8608390000
47770 0.8608690000
47780 0.8608980000
47790 0.8609220000
47800 0.8609440000
47810 0.8609660000
47820 0.8609910000
47830 0.8610180000
47840 0.8610460000
47850 0.8610730000
47860 0.8611000000
47870 0.8611270000
47880 0.8611560000
47890 0.8611870000
47900 0.8612190000
47910 0.8612470000
47920 0.8612720000
47930 0.8612970000
47940 0.8613210000
47950 0.8613470000
47960 0.8613740000
47970 0.8614000000
47980 0.8614230000
47990 0.8614450000
48000 0.8614680000
48010 0.8614940000
48020 0.8615240000
48030 0.8615540000
48040 0.8615840000
48050 0.8616120000
48060 0.8616420000
48070 0.8616760000
48080 0.8617130000
48090 0.8617520000
48100 0.8617920000
48110 0.8618290000
48120 0.8618660000
48130 0.8619040000
48140 0.8619440000
48150 0.8619840000
48160 0.8620230000
48170 0.8620570000
48180 0.8620840000
48190 0.8621090000
48200 0.8621340000
48210 0.8621580000
48220 0.8621780000
48230 0.8621950000
48240 0.8622060000
48250 0.8622120000
48260 0.8622180000
48270 0.8622230000
48280 0.8622280000
48290 0.8622280000
48300 0.8622230000
48310 0.8622130000
48320 0.8621990000
48330 0.8621850000
48340 0.8621700000
48350 0.8621520000
48360 0.8621260000
48370 0.8620900000
48380 0.8620460000
48390 0.8619960000
48400 0.8619410000
48410 0.8618790000
48420 0.8618080000
48430 0.8617260000
48440 0.8616320000
48450 0.8615260000
48460 0.8614130000
48470 0.8612940000
48480 0.8611660000
48490 0.8610230000
48500 0.8608690000
48510 0.8607060000
48520 0.8605300000
48530 0.8603470000
48540 0.8601570000
48550 0.8599590000
48560 0.8597420000
48570 0.8595140000
48580 0.8592760000
48590 0.8590290000
48600 0.8587720000
48610 0.8585060000
48620 0.8582290000
48630 0.8579380000
48640 0.8576310000
48650 0.8573130000
48660 0.8569870000
48670 0.8566510000
48680 0.8563010000
48690 0.8559380000
48700 0.8555620000
48710 0.8551740000
48720 0.8547770000
48730 0.8543730000
48740 0.8539630000
48750 0.8535410000
48760 0.8531070000
48770 0.8526640000
48780 0.8522150000
48790 0.8517600000
48800 0.8513020000
48810 0.8508400000
48820 0.8503730000
48830 0.8498960000
48840 0.8494150000
48850 0.8489300000
48860 0.8484450000
48870 0.8479580000
48880 0.8474660000
48890 0.8469710000
48900 0.8464700000
48910 0.8459660000
48920 0.8454630000
48930 0.8449620000
48940 0.8444620000
48950 0.8439600000
48960 0.8434560000
48970 0.8429520000
48980 0.8424510000
48990 0.8419570000
49000 0.8414670000
49010 0.8409820000
49020 0.8404990000
49030 0.8400190000
49040 0.8395430000
49050 0.8390730000
49060 0.8386140000
49070 0.8381620000
49080 0.8377150000
49090 0.8372710000
49100 0.8368310000
49110 0.8363970000
49120 0.8359680000
49130 0.8355480000
49140 0.8351330000
49150 0.8347200000
49160 0.8343080000
49170 0.8338970000
49180 0.8334890000
49190 0.8330870000
49200 0.8326890000
49210 0.8322930000
49220 0.8318960000
49230 0.8314960000
49240 0.8310940000
49250 0.8306890000
49260 0.8302840000
49270 0.8298760000
49280 0.8294620000
49290 0.8290360000
49300 0.8285980000
49310 0.8281490000
49320 0.8276920000
49330 0.8272200000
49340 0.8267330000
49350 0.8262290000
49360 0.8257060000
49370 0.8251500000
49380 0.8245710000
49390 0.8239710000
49400 0.8233420000
49410 0.8226730000
49420 0.8219700000
49430 0.8212310000
49440 0.8204420000
49450 0.8196060000
49460 0.8187290000
49470 0.8178080000
49480 0.8168280000
49490 0.8157850000
49500 0.8146870000
49510 0.8135330000
49520 0.8123040000
49530 0.8110040000
49540 0.8096430000
49550 0.8082230000
49560 0.8066890000
49570 0.8050810000
49580 0.8033970000
49590 0.8016360000
49600 0.7997550000
49610 0.7977940000
49620 0.7957460000
49630 0.7935930000
49640 0.7913140000
49650 0.7889360000
49660 0.7864600000
49670 0.7838770000
49680 0.7811550000
49690 0.7783260000
49700 0.7753920000
49710 0.7723210000
49720 0.7691080000
49730 0.7657900000
49740 0.7623700000
49750 0.7587860000
49760 0.7550740000
49770 0.7512430000
49780 0.7472940000
49790 0.7431820000
49800 0.7389440000
49810 0.7345890000
49820 0.7301130000
49830 0.7254670000
49840 0.7206860000
49850 0.7157860000
49860 0.7107700000
49870 0.7055690000
49880 0.7002580000
49890 0.6948350000
49900 0.6892720000
49910 0.6835440000
49920 0.6777120000
49930 0.6717700000
49940 0.6656830000
49950 0.6594760000
49960 0.6531580000
49970 0.6467250000
49980 0.6401710000
49990 0.6334850000
50000 0.6267020000
50010 0.6198280000
50020 0.6128210000
50030 0.6057000000
50040 0.5984880000
50050 0.5912000000
50060 0.5837560000
50070 0.5762430000
50080 0.5686530000
50090 0.5609710000
50100 0.5531820000
50110 0.5453180000
50120 0.5373800000
50130 0.5293670000
50140 0.5212700000
50150 0.5131050000
50160 0.5048830000
50170 0.4966090000
50180 0.4882460000
50190 0.4798450000
50200 0.4714090000
50210 0.4629150000
50220 0.4543850000
50230 0.4458270000
50240 0.4372370000
50250 0.4286180000
50260 0.4199880000
50270 0.4113420000
50280 0.4026770000
50290 0.3940250000
50300 0.3853620000
50310 0.3767100000
50320 0.3680760000
50330 0.3594490000
50340 0.3508520000
50350 0.3422820000
50360 0.3337390000
50370 0.3252520000
50380 0.3168180000
50390 0.3084310000
50400 0.3000980000
50410 0.2918590000
50420 0.2836850000
50430 0.2755770000
50440 0.2675790000
50450 0.2596820000
50460 0.2518800000
50470 0.2441780000
50480 0.2365940000
50490 0.2291420000
50500 0.2217960000
50510 0.2145640000
50520 0.2074860000
50530 0.2005500000
50540 0.1937340000
50550 0.1870360000
50560 0.1805310000
50570 0.1741600000
50580 0.1679190000
50590 0.1618200000
50600 0.1559180000
50610 0.1501510000
50620 0.1445210000
50630 0.1390370000
50640 0.1337520000
50650 0.1286040000
50660 0.1235900000
50670 0.1187320000
50680 0.1140600000
50690 0.1095180000
50700 0.1051030000
50710 0.1008570000
50720 0.0967726000
50730 0.0928134000
50740 0.0889775000
50750 0.0853034000
50760 0.0817708000
50770 0.0783545000
50780 0.0750502000
50790 0.0719041000
50800 0.0688759000
50810 0.0659511000
50820 0.0631274000
50830 0.0604504000
50840 0.0578712000
50850 0.0553842000
50860 0.0529925000
50870 0.0507272000
50880 0.0485454000
50890 0.0464435000
50900 0.0444305000
50910 0.0425227000
50920 0.0406872000
50930 0.0389218000
50940 0.0372375000
50950 0.0356379000
50960 0.0340986000
50970 0.0326194000
50980 0.0312144000
50990 0.0298756000
51000 0.0285884000
51010 0.0273516000
51020 0.0261815000
51030 0.0250636000
51040 0.0239895000
51050 0.0229583000
51060 0.0219863000
51070 0.0210550000
51080 0.0201606000
51090 0.0193020000
51100 0.0184956000
51110 0.0177208000
51120 0.0169764000
51130 0.0162639000
51140 0.0155915000
51150 0.0149445000
51160 0.0143219000
51170 0.0137277000
51180 0.0131644000
51190 0.0126223000
51200 0.0121009000
51210 0.0116044000
51220 0.0111319000
51230 0.0106776000
51240 0.0102409000
51250 0.0098271900
51260 0.0094329000
51270 0.0090539600
51280 0.0086898200
51290 0.0083452000
51300 0.0080153000
51310 0.0076977700
51320 0.0073921600
51330 0.0071037000
51340 0.0068265100
51350 0.0065596200
51360 0.0063033200
51370 0.0060614900
51380 0.0058290400
51390 0.0056057200
51400 0.0053923800
51410 0.0051909800
51420 0.0049971600
51430 0.0048107700
51440 0.0046326400
51450 0.0044623800
51460 0.0042975800
51470 0.0041380700
51480 0.0039851700
51490 0.0038378500
51500 0.0036953400
51510 0.0035575800
51520 0.0034260300
51530 0.0033000200
51540 0.0031786300
51550 0.0030617500
51560 0.0029514900
51570 0.0028458400
51580 0.0027442100
51590 0.0026464200
51600 0.0025543000
51610 0.0024651600
51620 0.0023789400
51630 0.0022959100
51640 0.0022166500
51650 0.0021399900
51660 0.0020659800
51670 0.0019951500
51680 0.0019278200
51690 0.0018630200
51700 0.0018005500
51710 0.0017406400
51720 0.0016831100
51730 0.0016274100
51740 0.0015734900
51750 0.0015218100
51760 0.0014720900
51770 0.0014238100
51780 0.0013768700
51790 0.0013315800
51800 0.0012875800
51810 0.0012449300
51820 0.0012038100
51830 0.0011649700
51840 0.0011275200
51850 0.0010913400
51860 0.0010564100
51870 0.0010225900
51880 0.0009895070
51890 0.0009572910
51900 0.0009261560
51910 0.0008962050
51920 0.0008669010
51930 0.0008381750
51940 0.0008100450
51950 0.0007823830
51960 0.0007553830
51970 0.0007292000
51980 0.0007044340
51990 0.0006810600
52000 0.0006587530
52010 0.0006374310
52020 0.0006171030
52030 0.0005974590
52040 0.0005783890
52050 0.0005598930
52060 0.0005423010
52070 0.0005250170
52080 0.0005078970
52090 0.0004908640
52100 0.0004738420
52110 0.0004567920
52120 0.0004400460
52130 0.0004240430
52140 0.0004092190
52150 0.0003953010
52160 0.0003822690
52170 0.0003702310
52180 0.0003590170
52190 0.0003483720
52200 0.0003382710
52210 0.0003287870
52220 0.0003198960
52230 0.0003111410
52240 0.0003024160
52250 0.0002937050
52260 0.0002849670
52270 0.0002762190
52280 0.0002675070
52290 0.0002591220
52300 0.0002508880
52310 0.0002427020
52320 0.0002345080
52330 0.0002263270
52340 0.0002181930
52350 0.0002101470
52360 0.0002022240
52370 0.0001945380
52380 0.0001870150
52390 0.0001796500
52400 0.0001724510
52410 0.0001656960
52420 0.0001594660
52430 0.0001537430
52440 0.0001485280
52450 0.0001437540
52460 0.0001390770
52470 0.0001343850
52480 0.0001294920
52490 0.0001246430
52500 0.0001199510
52510 0.0001154660
52520 0.0001112780
52530 0.0001073760
52540 0.0001037230
52550 0.0001003300
