540
 8330 0.0412472000
 8340 0.0415377000
 8350 0.0419784000
 8360 0.0426446000
 8370 0.0427807000
 8380 0.0428531000
 8390 0.0432601000
 8400 0.0432514000
 8410 0.0429368000
 8420 0.0414777000
 8430 0.0394571000
 8440 0.0365054000
 8450 0.0329060000
 8460 0.0290125000
 8470 0.0246379000
 8480 0.0203048000
 8490 0.0160076000
 8500 0.0129164000
 8510 0.0101868000
 8520 0.0080258000
 8530 0.0061588200
 8540 0.0044826200
 8550 0.0034269600
 8560 0.0026596100
 8570 0.0021863100
 8580 0.0016530300
 8590 0.0011867700
 8600 0.0009135350
 8610 0.0008242550
 8620 0.0008156330
 8630 0.0006653750
 8640 0.0004981950
 8650 0.0003107680
 8660 0.0002703830
 8670 0.0002213990
 8950 0.0001432130
 8960 0.0002705190
 8970 0.0003214930
 8980 0.0004249170
 8990 0.0005390490
 9000 0.0004924210
 9010 0.0005109590
 9020 0.0006032750
 9030 0.0007579660
 9040 0.0008984970
 9050 0.0009668530
 9060 0.0009129580
 9070 0.0007985700
 9080 0.0008738350
 9090 0.0007951280
 9100 0.0005105980
 9110 0.0004367280
 9120 0.0004092360
 9130 0.0003823270
 9140 0.0002857360
 9150 0.0001434480
 9160 0.0002718810
 9170 0.0003347890
 9180 0.0002926200
 9190 0.0003157650
 9200 0.0003374750
 9210 0.0002624490
 9220 0.0001574880
 9780 0.0001483220
 9790 0.0001220100
13960 0.0001108770
13970 0.0001234140
13980 0.0001308750
13990 0.0001344760
14000 0.0001381960
14010 0.0001467660
14020 0.0001642520
14030 0.0001826840
14040 0.0001990600
14050 0.0002003100
14060 0.0002020790
14070 0.0002043110
14080 0.0002124840
14090 0.0002201350
14100 0.0002254890
14110 0.0002398500
14120 0.0002586970
14130 0.0002840670
14140 0.0003026900
14150 0.0003142060
14160 0.0003117130
14170 0.0003117980
14180 0.0003239980
14190 0.0003419270
14200 0.0003624330
14210 0.0003772220
14220 0.0004001680
14230 0.0004332000
14240 0.0004774330
14250 0.0005227440
14260 0.0005645120
14270 0.0006033340
14280 0.0006406000
14290 0.0006946340
14300 0.0007578590
14310 0.0008345540
14320 0.0009219230
14330 0.0010145300
14340 0.0011179900
14350 0.0012283100
14360 0.0013435600
14370 0.0014786300
14380 0.0016224600
14390 0.0017806300
14400 0.0019571400
14410 0.0021447700
14420 0.0023624000
14430 0.0025999200
14440 0.0028543000
14450 0.0031394700
14460 0.0034389400
14470 0.0037636100
14480 0.0041268600
14490 0.0045129000
14500 0.0049604400
14510 0.0054510100
14520 0.0059845700
14530 0.0066306300
14540 0.0073398300
14550 0.0081733300
14560 0.0091448300
14570 0.0101998000
14580 0.0114904000
14590 0.0129435000
14600 0.0145865000
14610 0.0166246000
14620 0.0188750000
14630 0.0215711000
14640 0.0247485000
14650 0.0282292000
14660 0.0326538000
14670 0.0375899000
14680 0.0432314000
14690 0.0500964000
14700 0.0576214000
14710 0.0666111000
14720 0.0768937000
14730 0.0880524000
14740 0.1016510000
14750 0.1163430000
14760 0.1327690000
14770 0.1515080000
14780 0.1714470000
14790 0.1940350000
14800 0.2184140000
14810 0.2442230000
14820 0.2730700000
14830 0.3031210000
14840 0.3351860000
14850 0.3692520000
14860 0.4043200000
14870 0.4413320000
14880 0.4791020000
14890 0.5175820000
14900 0.5564710000
14910 0.5951420000
14920 0.6332030000
14930 0.6696410000
14940 0.7050260000
14950 0.7368870000
14960 0.7663620000
14970 0.7931850000
14980 0.8150040000
14990 0.8345260000
15000 0.8496850000
15010 0.8613190000
15020 0.8708590000
15030 0.8759200000
15040 0.8795430000
15050 0.8812940000
15060 0.8814570000
15070 0.8810980000
15080 0.8800650000
15090 0.8790160000
15100 0.8779580000
15110 0.8774880000
15120 0.8773940000
15130 0.8778800000
15140 0.8792170000
15150 0.8809640000
15160 0.8835310000
15170 0.8865150000
15180 0.8898160000
15190 0.8934360000
15200 0.8970190000
15210 0.9005120000
15220 0.9034640000
15230 0.9060970000
15240 0.9078930000
15250 0.9091470000
15260 0.9099190000
15270 0.9099020000
15280 0.9096470000
15290 0.9090170000
15300 0.9082810000
15310 0.9075250000
15320 0.9069910000
15330 0.9067250000
15340 0.9067410000
15350 0.9073510000
15360 0.9082280000
15370 0.9096000000
15380 0.9111210000
15390 0.9127020000
15400 0.9140560000
15410 0.9150930000
15420 0.9157380000
15430 0.9154790000
15440 0.9147570000
15450 0.9130740000
15460 0.9106440000
15470 0.9077490000
15480 0.9039370000
15490 0.8999690000
15500 0.8957720000
15510 0.8919000000
15520 0.8882990000
15530 0.8854950000
15540 0.8834950000
15550 0.8820710000
15560 0.8822030000
15570 0.8829700000
15580 0.8847650000
15590 0.8876500000
15600 0.8910380000
15610 0.8953120000
15620 0.8997260000
15630 0.9042560000
15640 0.9083730000
15650 0.9121470000
15660 0.9152780000
15670 0.9174790000
15680 0.9191530000
15690 0.9195380000
15700 0.9192270000
15710 0.9182250000
15720 0.9161670000
15730 0.9138740000
15740 0.9113060000
15750 0.9088160000
15760 0.9063990000
15770 0.9044410000
15780 0.9028360000
15790 0.9016420000
15800 0.9012260000
15810 0.9011790000
15820 0.9018560000
15830 0.9028540000
15840 0.9040360000
15850 0.9052410000
15860 0.9062760000
15870 0.9070770000
15880 0.9072260000
15890 0.9069920000
15900 0.9058550000
15910 0.9037230000
15920 0.9009190000
15930 0.8968100000
15940 0.8923260000
15950 0.8872550000
15960 0.8817840000
15970 0.8761890000
15980 0.8705730000
15990 0.8652870000
16000 0.8602630000
16010 0.8566200000
16020 0.8536200000
16030 0.8517260000
16040 0.8512180000
16050 0.8514660000
16060 0.8534580000
16070 0.8565090000
16080 0.8605520000
16090 0.8665790000
16100 0.8731340000
16110 0.8804450000
16120 0.8881030000
16130 0.8959030000
16140 0.9035850000
16150 0.9108890000
16160 0.9177740000
16170 0.9227000000
16180 0.9267460000
16190 0.9291250000
16200 0.9300100000
16210 0.9300000000
16220 0.9279130000
16230 0.9249830000
16240 0.9209610000
16250 0.9158180000
16260 0.9104120000
16270 0.9049060000
16280 0.8996450000
16290 0.8945440000
16300 0.8902970000
16310 0.8866450000
16320 0.8839040000
16330 0.8826400000
16340 0.8820430000
16350 0.8826670000
16360 0.8840410000
16370 0.8859800000
16380 0.8889810000
16390 0.8923380000
16400 0.8962640000
16410 0.9002820000
16420 0.9043070000
16430 0.9081870000
16440 0.9118550000
16450 0.9153350000
16460 0.9181030000
16470 0.9205380000
16480 0.9223800000
16490 0.9237540000
16500 0.9248740000
16510 0.9254530000
16520 0.9257560000
16530 0.9257720000
16540 0.9253410000
16550 0.9247530000
16560 0.9239100000
16570 0.9228160000
16580 0.9215710000
16590 0.9199240000
16600 0.9179050000
16610 0.9154310000
16620 0.9123230000
16630 0.9088940000
16640 0.9048100000
16650 0.9001350000
16660 0.8950740000
16670 0.8882740000
16680 0.8809290000
16690 0.8727950000
16700 0.8635440000
16710 0.8537310000
16720 0.8427260000
16730 0.8302430000
16740 0.8167050000
16750 0.8014160000
16760 0.7854080000
16770 0.7682420000
16780 0.7495210000
16790 0.7297740000
16800 0.7070480000
16810 0.6830680000
16820 0.6580380000
16830 0.6310520000
16840 0.6030590000
16850 0.5732850000
16860 0.5411760000
16870 0.5080680000
16880 0.4742450000
16890 0.4404370000
16900 0.4066490000
16910 0.3726410000
16920 0.3390650000
16930 0.3066400000
16940 0.2762700000
16950 0.2471090000
16960 0.2210170000
16970 0.1963280000
16980 0.1732740000
16990 0.1533670000
17000 0.1348000000
17010 0.1186930000
17020 0.1043800000
17030 0.0911587000
17040 0.0802886000
17050 0.0702857000
17060 0.0614666000
17070 0.0540010000
17080 0.0471241000
17090 0.0413186000
17100 0.0361804000
17110 0.0314913000
17120 0.0276973000
17130 0.0241916000
17140 0.0211378000
17150 0.0185415000
17160 0.0161589000
17170 0.0141773000
17180 0.0124118000
17190 0.0108176000
17200 0.0095296100
17210 0.0083444300
17220 0.0073256500
17230 0.0064548100
17240 0.0056580600
17250 0.0050041000
17260 0.0044206800
17270 0.0039030500
17280 0.0034770900
17290 0.0030844100
17300 0.0027475400
17310 0.0024532200
17320 0.0021818200
17330 0.0019549100
17340 0.0017469700
17350 0.0015597800
17360 0.0014025600
17370 0.0012562000
17380 0.0011278800
17390 0.0010128400
17400 0.0009055660
17410 0.0008135890
17420 0.0007284150
17430 0.0006520120
17440 0.0005855040
17450 0.0005228280
17460 0.0004664850
17470 0.0004175960
17480 0.0003734530
17490 0.0003371620
17500 0.0003031230
17510 0.0002725250
17520 0.0002397190
17530 0.0002069220
17540 0.0001769020
17550 0.0001490820
17560 0.0001229120
17570 0.0001002770
21830 0.0001007470
21840 0.0001028950
21850 0.0001050960
21860 0.0001054670
21870 0.0001046340
21880 0.0001030520
21890 0.0001012620
22060 0.0001001610
22070 0.0001012310
22080 0.0001021790
22090 0.0001018370
22100 0.0001014260
22110 0.0001009410
31460 0.0001005360
31470 0.0001068960
31480 0.0001071550
31490 0.0001053280
31500 0.0001008510
31540 0.0001013450
31550 0.0001053500
31560 0.0001062380
31570 0.0001039950
31730 0.0001041740
31740 0.0001066440
31750 0.0001050570
31760 0.0001036740
31770 0.0001037300
31780 0.0001072610
31790 0.0001067310
31800 0.0001056180
31810 0.0001054450
31820 0.0001095020
31830 0.0001090400
31840 0.0001074320
31850 0.0001056770
31860 0.0001051150
31870 0.0001046110
31880 0.0001033680
31890 0.0001012520
31920 0.0001014580
31930 0.0001066680
31940 0.0001148610
31950 0.0001181490
31960 0.0001176650
31970 0.0001141290
31980 0.0001252980
31990 0.0001267430
32000 0.0001225990
32010 0.0001187570
32020 0.0001134490
32030 0.0001075890
32040 0.0001020760
32090 0.0001081340
32100 0.0001160700
32110 0.0001201710
32120 0.0001191680
32130 0.0001117500
32140 0.0001003650
32160 0.0001037330
32170 0.0001138940
32180 0.0001200970
32190 0.0001208980
32200 0.0001150950
32210 0.0001114080
32220 0.0001120130
32230 0.0001133890
32240 0.0001116950
32250 0.0001096440
32260 0.0001095090
32270 0.0001081690
32310 0.0001040080
32320 0.0001037570
32330 0.0001008000
32530 0.0001100070
32540 0.0001160600
32550 0.0001076790
32630 0.0001002950
32640 0.0001025040
32650 0.0001003610
32700 0.0001024150
32710 0.0001056790
32720 0.0001021140
32790 0.0001049120
32800 0.0001011660
32850 0.0001026140
32860 0.0001079580
32870 0.0001050850
32880 0.0001013780
32900 0.0001058990
32910 0.0001097410
32920 0.0001121200
32930 0.0001133300
32940 0.0001137370
32950 0.0001076960
32960 0.0001011040
32980 0.0001086900
32990 0.0001123220
33000 0.0001099240
33010 0.0001015080
33090 0.0001059550
33100 0.0001046560
33200 0.0001025540
33210 0.0001027170
33260 0.0001015410
33270 0.0001045790
33280 0.0001050970
33290 0.0001097070
33300 0.0001082050
33310 0.0001002250
33490 0.0001034310
33500 0.0001068660
33710 0.0001074500
33720 0.0001063740
