673
 8330 0.0000010087
 8340 0.0000008747
 8350 0.0000008053
 8360 0.0000006877
 8370 0.0000005858
19410 0.0000006228
19420 0.0000006847
19430 0.0000007499
19440 0.0000008197
19450 0.0000008899
19460 0.0000009608
19470 0.0000010318
19480 0.0000011030
19490 0.0000011743
19500 0.0000012419
19510 0.0000013095
19520 0.0000013724
19530 0.0000014343
19540 0.0000014886
19550 0.0000015397
19560 0.0000015830
19570 0.0000016202
19580 0.0000016532
19590 0.0000016802
19600 0.0000017041
19610 0.0000017196
19620 0.0000017343
19630 0.0000017430
19640 0.0000017517
19650 0.0000017531
19660 0.0000017544
19670 0.0000017533
19680 0.0000017516
19690 0.0000017490
19700 0.0000017459
19710 0.0000017433
19720 0.0000017411
19730 0.0000017387
19740 0.0000017360
19750 0.0000017332
19760 0.0000017299
19770 0.0000017265
19780 0.0000017223
19790 0.0000017181
19800 0.0000017130
19810 0.0000017078
19820 0.0000017021
19830 0.0000016963
19840 0.0000016894
19850 0.0000016821
19860 0.0000016734
19870 0.0000016635
19880 0.0000016529
19890 0.0000016413
19900 0.0000016300
19910 0.0000016197
19920 0.0000016096
19930 0.0000016011
19940 0.0000015926
19950 0.0000015851
19960 0.0000015776
19970 0.0000015702
19980 0.0000015629
19990 0.0000015558
20000 0.0000015487
20010 0.0000015423
20020 0.0000015363
20030 0.0000015306
20040 0.0000015255
20050 0.0000015206
20060 0.0000015164
20070 0.0000015121
20080 0.0000015076
20090 0.0000015032
20100 0.0000014994
20110 0.0000014957
20120 0.0000014935
20130 0.0000014915
20140 0.0000014900
20150 0.0000014887
20160 0.0000014872
20170 0.0000014855
20180 0.0000014834
20190 0.0000014807
20200 0.0000014776
20210 0.0000014738
20220 0.0000014698
20230 0.0000014654
20240 0.0000014610
20250 0.0000014571
20260 0.0000014533
20270 0.0000014486
20280 0.0000014436
20290 0.0000014368
20300 0.0000014291
20310 0.0000014209
20320 0.0000014123
20330 0.0000014039
20340 0.0000013957
20350 0.0000013876
20360 0.0000013800
20370 0.0000013723
20380 0.0000013641
20390 0.0000013561
20400 0.0000013466
20410 0.0000013370
20420 0.0000013261
20430 0.0000013149
20440 0.0000013034
20450 0.0000012918
20460 0.0000012807
20470 0.0000012702
20480 0.0000012597
20490 0.0000012492
20500 0.0000012386
20510 0.0000012276
20520 0.0000012165
20530 0.0000012052
20540 0.0000011939
20550 0.0000011834
20560 0.0000011729
20570 0.0000011637
20580 0.0000011548
20590 0.0000011465
20600 0.0000011386
20610 0.0000011302
20620 0.0000011215
20630 0.0000011124
20640 0.0000011023
20650 0.0000010923
20660 0.0000010821
20670 0.0000010720
20680 0.0000010633
20690 0.0000010545
20700 0.0000010467
20710 0.0000010389
20720 0.0000010307
20730 0.0000010223
20740 0.0000010131
20750 0.0000010035
20760 0.0000009934
20770 0.0000009827
20780 0.0000009721
20790 0.0000009616
20800 0.0000009512
20810 0.0000009413
20820 0.0000009314
20830 0.0000009203
20840 0.0000009092
20850 0.0000008960
20860 0.0000008827
20870 0.0000008661
20880 0.0000008487
20890 0.0000008299
20900 0.0000008102
20910 0.0000007889
20920 0.0000007658
20930 0.0000007414
20940 0.0000007142
20950 0.0000006863
20960 0.0000006550
20970 0.0000006235
20980 0.0000005880
40610 0.0000005888
40620 0.0000006410
40630 0.0000006971
40640 0.0000007380
40650 0.0000007770
40660 0.0000008215
40670 0.0000008935
40680 0.0000009584
40690 0.0000010085
40700 0.0000010445
40710 0.0000011027
40720 0.0000011555
40730 0.0000011986
40740 0.0000012294
40750 0.0000012592
40760 0.0000013089
40770 0.0000013562
40780 0.0000013806
40790 0.0000013943
40800 0.0000014266
40810 0.0000014706
40820 0.0000015165
40830 0.0000015528
40840 0.0000015987
40850 0.0000016614
40860 0.0000017551
40870 0.0000018229
40880 0.0000018953
40890 0.0000019806
40900 0.0000020913
40910 0.0000022103
40920 0.0000023222
40930 0.0000024280
40940 0.0000025629
40950 0.0000027213
40960 0.0000028781
40970 0.0000030245
40980 0.0000031923
40990 0.0000033858
41000 0.0000035942
41010 0.0000038101
41020 0.0000040009
41030 0.0000042262
41040 0.0000044765
41050 0.0000047429
41060 0.0000050070
41070 0.0000052831
41080 0.0000055818
41090 0.0000059235
41100 0.0000062773
41110 0.0000066350
41120 0.0000070108
41130 0.0000074487
41140 0.0000079237
41150 0.0000084153
41160 0.0000089222
41170 0.0000094571
41180 0.0000100745
41190 0.0000107283
41200 0.0000114072
41210 0.0000121406
41220 0.0000129541
41230 0.0000138400
41240 0.0000147985
41250 0.0000158193
41260 0.0000169193
41270 0.0000181143
41280 0.0000194254
41290 0.0000208578
41300 0.0000223852
41310 0.0000240247
41320 0.0000258105
41330 0.0000278305
41340 0.0000299819
41350 0.0000322861
41360 0.0000348187
41370 0.0000376701
41380 0.0000407675
41390 0.0000441139
41400 0.0000477780
41410 0.0000518931
41420 0.0000563938
41430 0.0000612891
41440 0.0000667355
41450 0.0000727750
41460 0.0000793849
41470 0.0000866123
41480 0.0000948269
41490 0.0001038819
41500 0.0001137988
41510 0.0001246728
41520 0.0001371907
41530 0.0001509866
41540 0.0001661225
41550 0.0001827899
41560 0.0002020646
41570 0.0002233340
41580 0.0002467356
41590 0.0002727766
41600 0.0003026401
41610 0.0003356449
41620 0.0003720174
41630 0.0004128320
41640 0.0004591746
41650 0.0005101856
41660 0.0005661514
41670 0.0006292556
41680 0.0006998457
41690 0.0007768320
41700 0.0008605321
41710 0.0009543253
41720 0.0010569302
41730 0.0011674000
41740 0.0012858876
41750 0.0014164643
41760 0.0015554729
41770 0.0017020911
41780 0.0018561261
41790 0.0020202487
41800 0.0021900189
41810 0.0023648074
41820 0.0025439677
41830 0.0027258158
41840 0.0029075788
41850 0.0030883269
41860 0.0032663304
41870 0.0034385559
41880 0.0036048502
41890 0.0037640736
41900 0.0039125687
41910 0.0040483338
41920 0.0041735465
41930 0.0042879628
41940 0.0043879197
41950 0.0044748574
41960 0.0045510499
41970 0.0046166955
41980 0.0046681199
41990 0.0047096552
42000 0.0047432464
42010 0.0047696192
42020 0.0047865792
42030 0.0047981977
42040 0.0048052119
42050 0.0048079904
42060 0.0048063630
42070 0.0048027226
42080 0.0047974039
42090 0.0047906448
42100 0.0047829898
42110 0.0047751251
42120 0.0047672433
42130 0.0047596450
42140 0.0047527782
42150 0.0047466599
42160 0.0047413638
42170 0.0047372641
42180 0.0047343893
42190 0.0047325294
42200 0.0047317072
42210 0.0047322856
42220 0.0047340207
42230 0.0047367085
42240 0.0047403148
42250 0.0047452196
42260 0.0047509183
42270 0.0047573088
42280 0.0047643344
42290 0.0047722162
42300 0.0047805516
42310 0.0047892953
42320 0.0047984075
42330 0.0048078146
42340 0.0048173578
42350 0.0048269974
42360 0.0048366994
42370 0.0048463390
42380 0.0048558765
42390 0.0048652723
42400 0.0048744185
42410 0.0048831849
42420 0.0048915940
42430 0.0048996119
42440 0.0049070287
42450 0.0049138388
42460 0.0049200592
42470 0.0049256331
42480 0.0049301921
42490 0.0049338665
42500 0.0049367243
42510 0.0049387486
42520 0.0049393724
42530 0.0049389358
42540 0.0049374445
42550 0.0049348248
42560 0.0049304756
42570 0.0049249413
42580 0.0049181596
42590 0.0049098809
42600 0.0048996232
42610 0.0048879083
42620 0.0048746964
42630 0.0048596416
42640 0.0048423867
42650 0.0048234364
42660 0.0048027907
42670 0.0047799846
42680 0.0047553242
42690 0.0047295525
42700 0.0047030039
42710 0.0046765404
42720 0.0046514661
42730 0.0046282801
42740 0.0046074869
42750 0.0045917403
42760 0.0045800537
42770 0.0045718658
42780 0.0045670063
42790 0.0045662918
42800 0.0045673351
42810 0.0045694729
42820 0.0045719792
42830 0.0045734421
42840 0.0045733174
42850 0.0045712137
42860 0.0045662124
42870 0.0045577693
42880 0.0045473415
42890 0.0045352240
42900 0.0045215981
42910 0.0045073826
42920 0.0044932294
42930 0.0044793313
42940 0.0044660457
42950 0.0044534802
42960 0.0044415555
42970 0.0044303055
42980 0.0044200649
42990 0.0044107201
43000 0.0044021692
43010 0.0043944462
43020 0.0043879990
43030 0.0043824818
43040 0.0043778718
43050 0.0043742201
43060 0.0043719690
43070 0.0043706591
43080 0.0043702792
43090 0.0043709426
43100 0.0043729102
43110 0.0043757624
43120 0.0043794822
43130 0.0043842112
43140 0.0043899950
43150 0.0043965102
43160 0.0044037172
43170 0.0044117521
43180 0.0044205015
43190 0.0044297498
43200 0.0044394631
43210 0.0044496130
43220 0.0044600181
43230 0.0044705593
43240 0.0044811742
43250 0.0044917097
43260 0.0045019957
43270 0.0045119529
43280 0.0045215187
43290 0.0045302511
43300 0.0045382916
43310 0.0045455440
43320 0.0045518438
43330 0.0045566692
43340 0.0045603720
43350 0.0045629009
43360 0.0045639783
43370 0.0045631618
43380 0.0045609333
43390 0.0045572646
43400 0.0045517871
43410 0.0045443476
43420 0.0045354224
43430 0.0045250230
43440 0.0045127240
43450 0.0044987523
43460 0.0044834707
43470 0.0044669473
43480 0.0044488589
43490 0.0044296648
43500 0.0044095974
43510 0.0043887419
43520 0.0043669961
43530 0.0043449044
43540 0.0043225746
43550 0.0043001143
43560 0.0042777505
43570 0.0042557722
43580 0.0042342646
43590 0.0042134147
43600 0.0041936932
43610 0.0041749244
43620 0.0041571989
43630 0.0041408739
43640 0.0041261991
43650 0.0041127717
43660 0.0041005804
43670 0.0040899996
43680 0.0040806945
43690 0.0040722003
43700 0.0040643979
43710 0.0040571626
43720 0.0040497741
43730 0.0040417732
43740 0.0040328254
43750 0.0040216548
43760 0.0040080007
43770 0.0039913979
43780 0.0039712965
43790 0.0039445891
43800 0.0039127558
43810 0.0038754392
43820 0.0038317435
43830 0.0037779149
43840 0.0037168793
43850 0.0036484949
43860 0.0035716220
43870 0.0034837429
43880 0.0033882769
43890 0.0032854565
43900 0.0031740115
43910 0.0030542991
43920 0.0029286045
43930 0.0027975004
43940 0.0026607146
43950 0.0025202657
43960 0.0023776791
43970 0.0022335559
43980 0.0020890187
43990 0.0019460295
44000 0.0018052404
44010 0.0016671051
44020 0.0015341808
44030 0.0014066717
44040 0.0012845550
44050 0.0011681825
44060 0.0010610809
44070 0.0009603245
44080 0.0008660550
44090 0.0007791172
44100 0.0007011896
44110 0.0006292726
44120 0.0005632039
44130 0.0005039068
44140 0.0004515491
44150 0.0004038734
44160 0.0003606342
44170 0.0003225595
44180 0.0002889791
44190 0.0002586359
44200 0.0002313026
44210 0.0002075506
44220 0.0001864819
44230 0.0001674533
44240 0.0001503175
44250 0.0001355463
44260 0.0001223247
44270 0.0001103654
44280 0.0000995605
44290 0.0000902753
44300 0.0000818486
44310 0.0000742027
44320 0.0000673263
44330 0.0000613220
44340 0.0000558486
44350 0.0000508647
44360 0.0000463765
44370 0.0000424217
44380 0.0000387863
44390 0.0000354544
44400 0.0000324706
44410 0.0000298082
44420 0.0000273677
44430 0.0000251326
44440 0.0000231241
44450 0.0000213038
44460 0.0000196305
44470 0.0000180960
44480 0.0000167216
44490 0.0000154672
44500 0.0000143021
44510 0.0000132169
44520 0.0000122616
44530 0.0000113720
44540 0.0000105458
44550 0.0000097853
44560 0.0000090871
44570 0.0000084469
44580 0.0000078547
44590 0.0000073019
44600 0.0000067992
44610 0.0000063220
44620 0.0000058713
44630 0.0000054566
44640 0.0000050803
44650 0.0000047224
44660 0.0000043820
44670 0.0000040693
44680 0.0000037740
44690 0.0000035041
44700 0.0000032591
44710 0.0000030215
44720 0.0000028079
44730 0.0000026074
44740 0.0000024178
44750 0.0000022601
44760 0.0000021062
44770 0.0000019584
44780 0.0000018188
44790 0.0000016970
44800 0.0000015923
44810 0.0000015028
44820 0.0000014276
44830 0.0000013494
44840 0.0000012833
44850 0.0000012248
44860 0.0000011659
44870 0.0000011199
44880 0.0000010672
44890 0.0000010105
44900 0.0000009627
44910 0.0000009154
44920 0.0000008712
44930 0.0000008282
44940 0.0000007761
44950 0.0000007183
44960 0.0000006664
44970 0.0000006236
44980 0.0000005831
54290 0.0000005689
54300 0.0000005884
54310 0.0000006103
54320 0.0000006356
54330 0.0000006644
54340 0.0000006953
54350 0.0000007280
54360 0.0000007624
54370 0.0000007919
54380 0.0000008184
54390 0.0000008446
54400 0.0000008744
54410 0.0000009103
54420 0.0000009495
54430 0.0000009921
54440 0.0000010389
54450 0.0000010873
54460 0.0000011357
54470 0.0000011852
54480 0.0000012403
54490 0.0000013063
54500 0.0000013797
54510 0.0000014599
54520 0.0000015485
54530 0.0000016447
54540 0.0000017455
54550 0.0000018500
54560 0.0000019617
54570 0.0000020832
54580 0.0000022131
54590 0.0000023503
54600 0.0000024908
54610 0.0000026331
54620 0.0000027762
54630 0.0000029195
54640 0.0000030625
54650 0.0000032104
54660 0.0000033641
54670 0.0000035257
54680 0.0000036920
54690 0.0000038598
54700 0.0000040294
54710 0.0000042021
54720 0.0000043749
54730 0.0000045491
54740 0.0000047246
54750 0.0000049016
54760 0.0000050760
54770 0.0000052417
54780 0.0000053957
54790 0.0000055347
54800 0.0000056573
54810 0.0000057661
54820 0.0000058612
54830 0.0000059375
54840 0.0000059995
54850 0.0000060449
54860 0.0000060716
54870 0.0000060647
54880 0.0000060413
54890 0.0000060004
54900 0.0000059394
54910 0.0000058582
54920 0.0000057635
54930 0.0000056560
54940 0.0000055342
54950 0.0000053932
54960 0.0000052437
54970 0.0000050886
54980 0.0000049329
54990 0.0000047793
55000 0.0000046306
