1913
 8330 0.0000130711
 8340 0.0000130485
 8350 0.0000130277
 8360 0.0000130096
 8370 0.0000129716
 8380 0.0000129309
 8390 0.0000129016
 8400 0.0000128733
 8410 0.0000128457
 8420 0.0000127903
 8430 0.0000127433
 8440 0.0000127128
 8450 0.0000126634
 8460 0.0000126064
 8470 0.0000125418
 8480 0.0000124637
 8490 0.0000123739
 8500 0.0000122819
 8510 0.0000121578
 8520 0.0000119657
 8530 0.0000114481
 8540 0.0000107751
 8550 0.0000098998
 8560 0.0000089955
 8570 0.0000080615
 8580 0.0000071104
 8590 0.0000061645
 8600 0.0000052379
 8610 0.0000043225
 8620 0.0000034154
 8630 0.0000025485
 8640 0.0000017253
 8650 0.0000009546
 8660 0.0000005945
 8670 0.0000003590
 8680 0.0000002837
 8690 0.0000002347
 8700 0.0000002017
 8710 0.0000001931
 8720 0.0000001926
 8730 0.0000002037
 8740 0.0000002298
 8750 0.0000002584
 8760 0.0000002829
 8770 0.0000003039
 8780 0.0000003224
 8790 0.0000003142
 8800 0.0000003068
 8810 0.0000003013
 8820 0.0000003145
 8830 0.0000003341
 8840 0.0000003577
 8850 0.0000003783
 8860 0.0000003964
 8870 0.0000003956
 8880 0.0000003909
 8890 0.0000003805
 8900 0.0000003774
 8910 0.0000003800
 8920 0.0000004034
 8930 0.0000004215
 8940 0.0000004344
 8950 0.0000004198
 8960 0.0000004061
 8970 0.0000004020
 8980 0.0000003932
 8990 0.0000003825
 9000 0.0000003735
 9010 0.0000003629
 9020 0.0000003505
 9030 0.0000003324
 9040 0.0000003129
 9050 0.0000002920
 9060 0.0000002740
 9070 0.0000002576
 9080 0.0000002431
 9090 0.0000002271
 9100 0.0000002091
 9110 0.0000001897
 9120 0.0000001721
 9130 0.0000001622
 9140 0.0000001549
 9710 0.0000001675
 9720 0.0000001823
 9730 0.0000001962
 9740 0.0000002137
 9750 0.0000002308
 9760 0.0000002476
 9770 0.0000002548
 9780 0.0000002605
 9790 0.0000002655
 9800 0.0000002663
 9810 0.0000002647
 9820 0.0000002564
 9830 0.0000002486
 9840 0.0000002416
 9850 0.0000002282
 9860 0.0000002136
 9870 0.0000001992
 9880 0.0000001868
 9890 0.0000001758
 9900 0.0000001714
 9910 0.0000001652
 9920 0.0000001564
10350 0.0000001547
10360 0.0000001608
10370 0.0000001661
10380 0.0000001677
10390 0.0000001691
10400 0.0000001749
10410 0.0000001814
10420 0.0000001885
10430 0.0000001953
10440 0.0000001992
10450 0.0000001980
10460 0.0000001944
10470 0.0000001896
10480 0.0000001823
10490 0.0000001740
10500 0.0000001650
10510 0.0000001606
10520 0.0000001549
11850 0.0000001749
11860 0.0000002186
11870 0.0000002660
11880 0.0000003210
11890 0.0000003832
11900 0.0000004499
11910 0.0000005284
11920 0.0000006139
11930 0.0000007097
11940 0.0000008262
11950 0.0000009551
11960 0.0000011140
11970 0.0000013016
11980 0.0000015099
11990 0.0000017764
12000 0.0000020640
12010 0.0000023859
12020 0.0000027286
12030 0.0000030780
12040 0.0000034277
12050 0.0000037708
12060 0.0000041082
12070 0.0000044219
12080 0.0000047199
12090 0.0000049889
12100 0.0000052161
12110 0.0000054189
12120 0.0000055573
12130 0.0000056628
12140 0.0000057352
12150 0.0000057687
12160 0.0000057924
12170 0.0000058033
12180 0.0000058073
12190 0.0000058075
12200 0.0000058001
12210 0.0000057906
12220 0.0000057786
12230 0.0000057634
12240 0.0000057481
12250 0.0000057340
12260 0.0000057192
12270 0.0000057041
12280 0.0000056904
12290 0.0000056782
12300 0.0000056681
12310 0.0000056567
12320 0.0000056448
12330 0.0000056316
12340 0.0000056167
12350 0.0000056005
12360 0.0000055855
12370 0.0000055715
12380 0.0000055589
12390 0.0000055474
12400 0.0000055367
12410 0.0000055287
12420 0.0000055201
12430 0.0000055111
12440 0.0000055055
12450 0.0000055007
12460 0.0000054968
12470 0.0000054930
12480 0.0000054892
12490 0.0000054852
12500 0.0000054799
12510 0.0000054736
12520 0.0000054689
12530 0.0000054640
12540 0.0000054583
12550 0.0000054522
12560 0.0000054458
12570 0.0000054387
12580 0.0000054312
12590 0.0000054233
12600 0.0000054162
12610 0.0000054089
12620 0.0000054007
12630 0.0000053930
12640 0.0000053854
12650 0.0000053750
12660 0.0000053638
12670 0.0000053518
12680 0.0000053392
12690 0.0000053256
12700 0.0000053088
12710 0.0000052911
12720 0.0000052726
12730 0.0000052528
12740 0.0000052326
12750 0.0000052115
12760 0.0000051872
12770 0.0000051626
12780 0.0000051405
12790 0.0000051183
12800 0.0000050960
12810 0.0000050725
12820 0.0000050501
12830 0.0000050298
12840 0.0000050119
12850 0.0000049947
12860 0.0000049758
12870 0.0000049581
12880 0.0000049414
12890 0.0000049287
12900 0.0000049137
12910 0.0000048927
12920 0.0000048704
12930 0.0000048484
12940 0.0000048349
12950 0.0000048215
12960 0.0000048082
12970 0.0000047901
12980 0.0000047731
12990 0.0000047612
13000 0.0000047515
13010 0.0000047427
13020 0.0000047316
13030 0.0000047220
13040 0.0000047142
13050 0.0000047110
13060 0.0000047077
13070 0.0000047015
13080 0.0000046936
13090 0.0000046848
13100 0.0000046795
13110 0.0000046745
13120 0.0000046699
13130 0.0000046674
13140 0.0000046655
13150 0.0000046643
13160 0.0000046650
13170 0.0000046670
13180 0.0000046674
13190 0.0000046661
13200 0.0000046619
13210 0.0000046570
13220 0.0000046521
13230 0.0000046479
13240 0.0000046407
13250 0.0000046309
13260 0.0000046120
13270 0.0000045902
13280 0.0000045636
13290 0.0000045352
13300 0.0000045065
13310 0.0000044801
13320 0.0000044548
13330 0.0000044306
13340 0.0000044078
13350 0.0000043858
13360 0.0000043657
13370 0.0000043463
13380 0.0000043275
13390 0.0000043111
13400 0.0000042948
13410 0.0000042784
13420 0.0000042601
13430 0.0000042399
13440 0.0000042151
13450 0.0000041869
13460 0.0000041567
13470 0.0000041226
13480 0.0000040841
13490 0.0000040393
13500 0.0000039895
13510 0.0000039391
13520 0.0000038908
13530 0.0000038447
13540 0.0000038001
13550 0.0000037569
13560 0.0000037148
13570 0.0000036744
13580 0.0000036398
13590 0.0000036083
13600 0.0000035842
13610 0.0000035655
13620 0.0000035511
13630 0.0000035421
13640 0.0000035331
13650 0.0000035237
13660 0.0000035199
13670 0.0000035193
13680 0.0000035264
13690 0.0000035340
13700 0.0000035423
13710 0.0000035464
13720 0.0000035492
13730 0.0000035499
13740 0.0000035518
13750 0.0000035544
13760 0.0000035586
13770 0.0000035634
13780 0.0000035688
13790 0.0000035701
13800 0.0000035698
13810 0.0000035665
13820 0.0000035640
13830 0.0000035621
13840 0.0000035610
13850 0.0000035600
13860 0.0000035592
13870 0.0000035542
13880 0.0000035486
13890 0.0000035432
13900 0.0000035384
13910 0.0000035339
13920 0.0000035314
13930 0.0000035282
13940 0.0000035236
13950 0.0000035161
13960 0.0000035075
13970 0.0000034980
13980 0.0000034903
13990 0.0000034838
14000 0.0000034804
14010 0.0000034769
14020 0.0000034727
14030 0.0000034670
14040 0.0000034607
14050 0.0000034532
14060 0.0000034466
14070 0.0000034408
14080 0.0000034362
14090 0.0000034325
14100 0.0000034306
14110 0.0000034253
14120 0.0000034185
14130 0.0000034108
14140 0.0000034031
14150 0.0000033955
14160 0.0000033884
14170 0.0000033811
14180 0.0000033729
14190 0.0000033633
14200 0.0000033532
14210 0.0000033445
14220 0.0000033354
14230 0.0000033255
14240 0.0000033171
14250 0.0000033085
14260 0.0000032989
14270 0.0000032895
14280 0.0000032800
14290 0.0000032703
14300 0.0000032608
14310 0.0000032517
14320 0.0000032428
14330 0.0000032336
14340 0.0000032230
14350 0.0000032127
14360 0.0000032026
14370 0.0000031932
14380 0.0000031843
14390 0.0000031761
14400 0.0000031673
14410 0.0000031584
14420 0.0000031502
14430 0.0000031423
14440 0.0000031345
14450 0.0000031271
14460 0.0000031202
14470 0.0000031141
14480 0.0000031074
14490 0.0000031006
14500 0.0000030937
14510 0.0000030866
14520 0.0000030791
14530 0.0000030720
14540 0.0000030648
14550 0.0000030575
14560 0.0000030505
14570 0.0000030439
14580 0.0000030392
14590 0.0000030346
14600 0.0000030302
14610 0.0000030269
14620 0.0000030233
14630 0.0000030187
14640 0.0000030143
14650 0.0000030100
14660 0.0000030063
14670 0.0000030023
14680 0.0000029979
14690 0.0000029938
14700 0.0000029890
14710 0.0000029814
14720 0.0000029742
14730 0.0000029672
14740 0.0000029585
14750 0.0000029502
14760 0.0000029425
14770 0.0000029352
14780 0.0000029280
14790 0.0000029204
14800 0.0000029138
14810 0.0000029080
14820 0.0000029011
14830 0.0000028947
14840 0.0000028896
14850 0.0000028838
14860 0.0000028780
14870 0.0000028728
14880 0.0000028675
14890 0.0000028623
14900 0.0000028569
14910 0.0000028516
14920 0.0000028468
14930 0.0000028416
14940 0.0000028364
14950 0.0000028309
14960 0.0000028261
14970 0.0000028220
14980 0.0000028172
14990 0.0000028126
15000 0.0000028089
15010 0.0000028052
15020 0.0000028016
15030 0.0000027975
15040 0.0000027928
15050 0.0000027873
15060 0.0000027803
15070 0.0000027732
15080 0.0000027666
15090 0.0000027595
15100 0.0000027520
15110 0.0000027448
15120 0.0000027373
15130 0.0000027296
15140 0.0000027216
15150 0.0000027135
15160 0.0000027061
15170 0.0000026992
15180 0.0000026925
15190 0.0000026868
15200 0.0000026813
15210 0.0000026765
15220 0.0000026713
15230 0.0000026662
15240 0.0000026617
15250 0.0000026572
15260 0.0000026527
15270 0.0000026482
15280 0.0000026438
15290 0.0000026395
15300 0.0000026351
15310 0.0000026305
15320 0.0000026254
15330 0.0000026202
15340 0.0000026148
15350 0.0000026088
15360 0.0000026029
15370 0.0000025971
15380 0.0000025916
15390 0.0000025862
15400 0.0000025810
15410 0.0000025756
15420 0.0000025699
15430 0.0000025634
15440 0.0000025569
15450 0.0000025508
15460 0.0000025448
15470 0.0000025391
15480 0.0000025344
15490 0.0000025305
15500 0.0000025274
15510 0.0000025261
15520 0.0000025257
15530 0.0000025274
15540 0.0000025311
15550 0.0000025364
15560 0.0000025445
15570 0.0000025534
15580 0.0000025633
15590 0.0000025719
15600 0.0000025793
15610 0.0000025820
15620 0.0000025790
15630 0.0000025711
15640 0.0000025498
15650 0.0000025218
15660 0.0000024818
15670 0.0000024281
15680 0.0000023669
15690 0.0000022883
15700 0.0000022004
15710 0.0000021034
15720 0.0000019935
15730 0.0000018797
15740 0.0000017599
15750 0.0000016381
15760 0.0000015156
15770 0.0000013955
15780 0.0000012782
15790 0.0000011640
15800 0.0000010577
15810 0.0000009559
15820 0.0000008635
15830 0.0000007786
15840 0.0000006984
15850 0.0000006295
15860 0.0000005651
15870 0.0000005068
15880 0.0000004558
15890 0.0000004082
15900 0.0000003668
15910 0.0000003306
15920 0.0000002977
15930 0.0000002700
15940 0.0000002446
15950 0.0000002228
15960 0.0000002040
15970 0.0000001866
15980 0.0000001721
15990 0.0000001592
23170 0.0000001637
23180 0.0000001732
23190 0.0000001769
23200 0.0000001810
23210 0.0000001865
23220 0.0000001924
23230 0.0000001973
23240 0.0000001999
23250 0.0000001991
23260 0.0000002024
23270 0.0000002042
23280 0.0000002076
23290 0.0000002125
23300 0.0000002167
23310 0.0000002206
23320 0.0000002245
23330 0.0000002314
23340 0.0000002420
23350 0.0000002543
23360 0.0000002651
23370 0.0000002755
23380 0.0000002893
23390 0.0000003069
23400 0.0000003292
23410 0.0000003547
23420 0.0000003811
23430 0.0000004108
23440 0.0000004489
23450 0.0000004949
23460 0.0000005486
23470 0.0000006098
23480 0.0000006791
23490 0.0000007596
23500 0.0000008554
23510 0.0000009679
23520 0.0000010969
23530 0.0000012425
23540 0.0000014060
23550 0.0000015961
23560 0.0000018228
23570 0.0000020836
23580 0.0000023850
23590 0.0000027342
23600 0.0000031389
23610 0.0000036222
23620 0.0000041972
23630 0.0000048718
23640 0.0000056626
23650 0.0000065869
23660 0.0000076648
23670 0.0000089465
23680 0.0000104557
23690 0.0000121941
23700 0.0000141814
23710 0.0000164370
23720 0.0000189756
23730 0.0000218380
23740 0.0000250089
23750 0.0000284364
23760 0.0000320957
23770 0.0000359585
23780 0.0000399902
23790 0.0000441549
23800 0.0000483927
23810 0.0000526551
23820 0.0000569216
23830 0.0000611785
23840 0.0000654231
23850 0.0000696724
23860 0.0000739734
23870 0.0000783755
23880 0.0000829380
23890 0.0000877319
23900 0.0000928348
23910 0.0000984150
23920 0.0001046005
23930 0.0001114648
23940 0.0001191308
23950 0.0001277267
23960 0.0001373984
23970 0.0001485535
23980 0.0001613701
23990 0.0001759539
24000 0.0001925558
24010 0.0002114222
24020 0.0002328324
24030 0.0002576418
24040 0.0002860433
24050 0.0003180814
24060 0.0003539968
24070 0.0003939821
24080 0.0004381359
24090 0.0004871119
24100 0.0005401425
24110 0.0005963133
24120 0.0006548952
24130 0.0007149972
24140 0.0007755447
24150 0.0008349145
24160 0.0008915200
24170 0.0009443902
24180 0.0009926016
24190 0.0010354528
24200 0.0010724427
24210 0.0011021838
24220 0.0011255965
24230 0.0011435658
24240 0.0011566665
24250 0.0011655833
24260 0.0011710623
24270 0.0011735412
24280 0.0011742797
24290 0.0011739806
24300 0.0011731142
24310 0.0011720720
24320 0.0011711656
24330 0.0011707570
24340 0.0011709713
24350 0.0011718346
24360 0.0011733578
24370 0.0011755284
24380 0.0011783033
24390 0.0011817149
24400 0.0011855536
24410 0.0011897006
24420 0.0011940665
24430 0.0011985665
24440 0.0012031097
24450 0.0012075958
24460 0.0012119494
24470 0.0012161257
24480 0.0012200892
24490 0.0012238138
24500 0.0012272917
24510 0.0012304705
24520 0.0012334150
24530 0.0012361545
24540 0.0012387198
24550 0.0012411401
24560 0.0012434557
24570 0.0012457003
24580 0.0012479387
24590 0.0012502003
24600 0.0012525128
24610 0.0012549007
24620 0.0012573858
24630 0.0012600174
24640 0.0012627816
24650 0.0012656721
24660 0.0012686845
24670 0.0012718047
24680 0.0012750190
24690 0.0012783320
24700 0.0012816881
24710 0.0012850535
24720 0.0012884004
24730 0.0012917010
24740 0.0012949322
24750 0.0012980263
24760 0.0013009677
24770 0.0013037350
24780 0.0013063018
24790 0.0013086512
24800 0.0013107679
24810 0.0013125793
24820 0.0013141255
24830 0.0013154036
24840 0.0013164164
24850 0.0013171718
24860 0.0013176728
24870 0.0013178717
24880 0.0013178486
24890 0.0013176266
24900 0.0013172242
24910 0.0013166600
24920 0.0013159493
24930 0.0013150968
24940 0.0013141502
24950 0.0013131281
24960 0.0013120520
24970 0.0013109405
24980 0.0013098044
24990 0.0013086528
25000 0.0013075012
25010 0.0013063727
25020 0.0013052673
25030 0.0013041836
25040 0.0013031183
25050 0.0013020931
25060 0.0013011003
25070 0.0013001352
25080 0.0012991979
25090 0.0012982853
25100 0.0012973896
25110 0.0012965109
25120 0.0012956476
25130 0.0012948043
25140 0.0012939703
25150 0.0012931362
25160 0.0012923053
25170 0.0012914697
25180 0.0012906342
25190 0.0012898140
25200 0.0012890124
25210 0.0012882262
25220 0.0012874476
25230 0.0012866984
25240 0.0012859908
25250 0.0012853263
25260 0.0012847267
25270 0.0012842117
25280 0.0012838109
25290 0.0012834995
25300 0.0012832544
25310 0.0012831203
25320 0.0012831326
25330 0.0012832899
25340 0.0012835350
25350 0.0012839404
25360 0.0012844707
25370 0.0012851321
25380 0.0012859646
25390 0.0012870160
25400 0.0012882693
25410 0.0012896429
25420 0.0012911075
25430 0.0012927601
25440 0.0012946116
25450 0.0012966095
25460 0.0012987185
25470 0.0013010094
25480 0.0013033711
25490 0.0013058269
25500 0.0013083491
25510 0.0013108881
25520 0.0013134781
25530 0.0013160742
25540 0.0013186811
25550 0.0013213435
25560 0.0013240953
25570 0.0013269519
25580 0.0013298856
25590 0.0013327253
25600 0.0013355835
25610 0.0013383476
25620 0.0013409222
25630 0.0013432824
25640 0.0013455440
25650 0.0013477978
25660 0.0013498975
25670 0.0013516658
25680 0.0013531874
25690 0.0013547167
25700 0.0013564032
25710 0.0013578323
25720 0.0013592845
25730 0.0013607598
25740 0.0013620841
25750 0.0013630600
25760 0.0013637984
25770 0.0013648113
25780 0.0013656869
25790 0.0013664670
25800 0.0013673349
25810 0.0013684033
25820 0.0013690708
25830 0.0013697213
25840 0.0013704798
25850 0.0013712291
25860 0.0013718349
25870 0.0013722311
25880 0.0013726088
25890 0.0013728216
25900 0.0013736433
25910 0.0013750723
25920 0.0013765616
25930 0.0013773740
25940 0.0013776361
25950 0.0013778396
25960 0.0013781078
25970 0.0013784901
25980 0.0013789141
25990 0.0013791407
26000 0.0013785056
26010 0.0013778997
26020 0.0013778550
26030 0.0013781325
26040 0.0013784686
26050 0.0013787306
26060 0.0013789634
26070 0.0013788678
26080 0.0013786350
26090 0.0013782990
26100 0.0013777471
26110 0.0013768298
26120 0.0013759172
26130 0.0013756073
26140 0.0013752481
26150 0.0013747625
26160 0.0013743570
26170 0.0013742661
26180 0.0013737065
26190 0.0013727738
26200 0.0013717748
26210 0.0013707049
26220 0.0013695672
26230 0.0013684325
26240 0.0013673133
26250 0.0013660970
26260 0.0013648976
26270 0.0013638940
26280 0.0013630353
26290 0.0013620625
26300 0.0013611684
26310 0.0013601062
26320 0.0013586725
26330 0.0013571863
26340 0.0013558636
26350 0.0013546165
26360 0.0013529237
26370 0.0013513944
26380 0.0013502613
26390 0.0013492978
26400 0.0013483744
26410 0.0013475959
26420 0.0013471103
26430 0.0013466370
26440 0.0013461498
26450 0.0013456842
26460 0.0013452665
26470 0.0013449119
26480 0.0013447500
26490 0.0013447670
26500 0.0013447454
26510 0.0013446930
26520 0.0013446606
26530 0.0013446914
26540 0.0013447978
26550 0.0013450846
26560 0.0013454946
26570 0.0013458631
26580 0.0013461082
26590 0.0013463240
26600 0.0013468898
26610 0.0013479890
26620 0.0013492901
26630 0.0013506637
26640 0.0013519047
26650 0.0013527511
26660 0.0013540460
26670 0.0013557018
26680 0.0013568904
26690 0.0013575872
26700 0.0013578801
26710 0.0013577583
26720 0.0013579279
26730 0.0013583040
26740 0.0013589346
26750 0.0013594618
26760 0.0013595620
26770 0.0013592213
26780 0.0013595204
26790 0.0013601617
26800 0.0013608400
26810 0.0013613071
26820 0.0013614890
26830 0.0013615461
26840 0.0013616340
26850 0.0013616247
26860 0.0013617357
26870 0.0013619870
26880 0.0013623308
26890 0.0013627100
26900 0.0013633976
26910 0.0013640127
26920 0.0013644783
26930 0.0013648020
26940 0.0013650271
26950 0.0013652167
26960 0.0013654803
26970 0.0013658719
26980 0.0013661586
26990 0.0013661602
27000 0.0013659058
27010 0.0013657393
27020 0.0013657547
27030 0.0013659706
27040 0.0013663575
27050 0.0013669017
27060 0.0013675985
27070 0.0013684541
27080 0.0013692712
27090 0.0013697491
27100 0.0013700759
27110 0.0013703442
27120 0.0013705954
27130 0.0013708452
27140 0.0013710271
27150 0.0013711659
27160 0.0013714218
27170 0.0013717239
27180 0.0013719968
27190 0.0013723313
27200 0.0013730605
27210 0.0013738406
27220 0.0013743678
27230 0.0013745651
27240 0.0013744742
27250 0.0013741736
27260 0.0013732517
27270 0.0013724084
27280 0.0013718334
27290 0.0013713185
27300 0.0013706895
27310 0.0013701946
27320 0.0013699634
27330 0.0013697799
27340 0.0013697414
27350 0.0013699510
27360 0.0013704135
27370 0.0013709146
27380 0.0013711134
27390 0.0013709593
27400 0.0013704444
27410 0.0013697630
27420 0.0013691401
27430 0.0013686422
27440 0.0013679331
27450 0.0013668740
27460 0.0013656669
27470 0.0013645523
27480 0.0013637044
27490 0.0013631324
27500 0.0013628595
27510 0.0013630045
27520 0.0013632712
27530 0.0013633652
27540 0.0013631386
27550 0.0013627378
27560 0.0013623323
27570 0.0013619592
27580 0.0013617465
27590 0.0013616139
27600 0.0013613210
27610 0.0013605055
27620 0.0013596452
27630 0.0013592506
27640 0.0013591720
27650 0.0013592413
27660 0.0013593508
27670 0.0013595343
27680 0.0013594603
27690 0.0013592660
27700 0.0013591057
27710 0.0013590456
27720 0.0013590779
27730 0.0013591134
27740 0.0013591581
27750 0.0013592537
27760 0.0013593261
27770 0.0013594325
27780 0.0013596730
27790 0.0013600461
27800 0.0013605009
27810 0.0013609849
27820 0.0013615769
27830 0.0013622814
27840 0.0013630260
27850 0.0013636967
27860 0.0013642116
27870 0.0013646417
27880 0.0013650610
27890 0.0013655096
27900 0.0013659891
27910 0.0013664485
27920 0.0013667075
27930 0.0013668786
27940 0.0013670713
27950 0.0013673457
27960 0.0013677064
27970 0.0013681134
27980 0.0013686237
27990 0.0013692080
28000 0.0013697614
28010 0.0013702116
28020 0.0013705338
28030 0.0013707666
28040 0.0013709562
28050 0.0013711150
28060 0.0013712152
28070 0.0013712121
28080 0.0013710595
28090 0.0013707558
28100 0.0013705045
28110 0.0013703534
28120 0.0013702455
28130 0.0013701345
28140 0.0013700081
28150 0.0013699125
28160 0.0013698555
28170 0.0013697876
28180 0.0013696859
28190 0.0013695379
28200 0.0013693452
28210 0.0013691232
28220 0.0013689382
28230 0.0013687902
28240 0.0013686422
28250 0.0013684680
28260 0.0013682768
28270 0.0013681165
28280 0.0013680471
28290 0.0013680456
28300 0.0013681042
28310 0.0013682059
28320 0.0013683293
28330 0.0013684695
28340 0.0013686530
28350 0.0013688750
28360 0.0013691216
28370 0.0013693868
28380 0.0013696720
28390 0.0013699711
28400 0.0013702871
28410 0.0013706402
28420 0.0013710317
28430 0.0013714618
28440 0.0013719305
28450 0.0013724624
28460 0.0013730543
28470 0.0013736587
28480 0.0013742830
28490 0.0013749413
28500 0.0013756427
28510 0.0013763750
28520 0.0013770965
28530 0.0013777995
28540 0.0013784855
28550 0.0013791623
28560 0.0013798499
28570 0.0013805636
28580 0.0013812635
28590 0.0013819311
28600 0.0013825724
28610 0.0013832014
28620 0.0013838442
28630 0.0013845010
28640 0.0013851407
28650 0.0013857528
28660 0.0013863417
28670 0.0013869229
28680 0.0013874994
28690 0.0013880606
28700 0.0013885816
28710 0.0013890673
28720 0.0013895205
28730 0.0013899506
28740 0.0013903684
28750 0.0013907708
28760 0.0013911392
28770 0.0013914753
28780 0.0013917867
28790 0.0013920873
28800 0.0013923848
28810 0.0013926700
28820 0.0013929306
28830 0.0013931742
28840 0.0013934054
28850 0.0013936243
28860 0.0013938294
28870 0.0013940159
28880 0.0013941808
28890 0.0013943288
28900 0.0013944630
28910 0.0013945848
28920 0.0013947004
28930 0.0013947975
28940 0.0013948823
28950 0.0013949640
28960 0.0013950534
28970 0.0013951490
28980 0.0013952369
28990 0.0013952939
29000 0.0013953355
29010 0.0013953664
29020 0.0013953802
29030 0.0013953725
29040 0.0013953432
29050 0.0013952862
29060 0.0013951875
29070 0.0013950611
29080 0.0013949239
29090 0.0013947775
29100 0.0013946125
29110 0.0013944213
29120 0.0013942117
29130 0.0013939835
29140 0.0013937307
29150 0.0013934517
29160 0.0013931464
29170 0.0013928180
29180 0.0013924743
29190 0.0013921181
29200 0.0013917404
29210 0.0013913365
29220 0.0013909064
29230 0.0013904470
29240 0.0013899691
29250 0.0013894820
29260 0.0013889825
29270 0.0013884676
29280 0.0013879326
29290 0.0013873776
29300 0.0013868257
29310 0.0013862785
29320 0.0013857358
29330 0.0013851978
29340 0.0013846674
29350 0.0013841479
29360 0.0013836438
29370 0.0013831582
29380 0.0013826942
29390 0.0013822486
29400 0.0013818247
29410 0.0013814285
29420 0.0013810631
29430 0.0013807317
29440 0.0013804357
29450 0.0013801674
29460 0.0013799239
29470 0.0013797188
29480 0.0013795554
29490 0.0013794321
29500 0.0013793488
29510 0.0013793072
29520 0.0013792995
29530 0.0013793257
29540 0.0013793920
29550 0.0013794999
29560 0.0013796494
29570 0.0013798314
29580 0.0013800441
29590 0.0013802846
29600 0.0013805451
29610 0.0013808303
29620 0.0013811417
29630 0.0013814747
29640 0.0013818231
29650 0.0013821839
29660 0.0013825508
29670 0.0013829162
29680 0.0013832800
29690 0.0013836392
29700 0.0013839907
29710 0.0013843252
29720 0.0013846397
29730 0.0013849295
29740 0.0013851931
29750 0.0013854321
29760 0.0013856448
29770 0.0013858190
29780 0.0013859563
29790 0.0013860565
29800 0.0013861166
29810 0.0013861382
29820 0.0013861197
29830 0.0013860487
29840 0.0013859393
29850 0.0013857820
29860 0.0013855801
29870 0.0013853365
29880 0.0013850513
29890 0.0013847229
29900 0.0013843607
29910 0.0013839675
29920 0.0013835451
29930 0.0013830965
29940 0.0013826217
29950 0.0013821176
29960 0.0013815934
29970 0.0013810523
29980 0.0013805004
29990 0.0013799439
30000 0.0013793858
30010 0.0013788339
30020 0.0013782882
30030 0.0013777548
30040 0.0013772383
30050 0.0013767435
30060 0.0013762764
30070 0.0013758462
30080 0.0013754516
30090 0.0013750908
30100 0.0013747717
30110 0.0013744942
30120 0.0013742645
30130 0.0013740949
30140 0.0013739809
30150 0.0013739192
30160 0.0013739130
30170 0.0013739639
30180 0.0013740764
30190 0.0013742599
30200 0.0013744942
30210 0.0013747810
30220 0.0013751170
30230 0.0013754994
30240 0.0013759310
30250 0.0013764166
30260 0.0013769470
30270 0.0013775143
30280 0.0013781171
30290 0.0013787538
30300 0.0013794213
30310 0.0013801212
30320 0.0013808427
30330 0.0013815811
30340 0.0013823334
30350 0.0013830904
30360 0.0013838427
30370 0.0013845888
30380 0.0013853180
30390 0.0013860333
30400 0.0013867271
30410 0.0013873977
30420 0.0013880405
30430 0.0013886387
30440 0.0013892045
30450 0.0013897317
30460 0.0013902173
30470 0.0013906613
30480 0.0013910590
30490 0.0013913982
30500 0.0013916865
30510 0.0013919239
30520 0.0013921089
30530 0.0013922430
30540 0.0013923201
30550 0.0013923386
30560 0.0013923031
30570 0.0013922214
30580 0.0013920966
30590 0.0013919285
30600 0.0013917219
30610 0.0013914722
30620 0.0013911947
30630 0.0013908910
30640 0.0013905673
30650 0.0013902281
30660 0.0013898766
30670 0.0013895128
30680 0.0013891443
30690 0.0013887774
30700 0.0013884151
30710 0.0013880606
30720 0.0013877137
30730 0.0013873900
30740 0.0013870863
30750 0.0013868088
30760 0.0013865590
30770 0.0013863401
30780 0.0013861675
30790 0.0013860364
30800 0.0013859424
30810 0.0013858915
30820 0.0013858869
30830 0.0013859239
30840 0.0013860087
30850 0.0013861397
30860 0.0013863154
30870 0.0013865251
30880 0.0013867702
30890 0.0013870554
30900 0.0013873684
30910 0.0013877045
30920 0.0013880498
30930 0.0013883982
30940 0.0013887389
30950 0.0013890596
30960 0.0013893370
30970 0.0013895513
30980 0.0013896839
30990 0.0013897255
31000 0.0013896592
31010 0.0013894573
31020 0.0013890734
31030 0.0013884552
31040 0.0013875965
31050 0.0013864634
31060 0.0013850189
31070 0.0013832199
31080 0.0013809706
31090 0.0013781911
31100 0.0013748796
31110 0.0013709809
31120 0.0013664485
31130 0.0013612300
31140 0.0013551391
31150 0.0013480938
31160 0.0013401282
31170 0.0013311852
31180 0.0013212032
31190 0.0013101096
31200 0.0012976933
31210 0.0012839142
31220 0.0012688587
31230 0.0012524865
31240 0.0012347670
31250 0.0012156955
31260 0.0011950685
31270 0.0011729076
31280 0.0011494193
31290 0.0011246376
31300 0.0010986041
31310 0.0010713836
31320 0.0010428773
31330 0.0010132857
31340 0.0009828277
31350 0.0009516266
31360 0.0009197858
31370 0.0008874147
31380 0.0008546427
31390 0.0008216657
31400 0.0007886394
31410 0.0007557117
31420 0.0007230014
31430 0.0006906287
31440 0.0006587909
31450 0.0006276068
31460 0.0005971196
31470 0.0005674031
31480 0.0005385330
31490 0.0005105632
31500 0.0004836926
31510 0.0004579258
31520 0.0004331780
31530 0.0004094600
31540 0.0003867873
31550 0.0003651551
31560 0.0003447285
31570 0.0003253872
31580 0.0003070295
31590 0.0002896291
31600 0.0002731583
31610 0.0002575848
31620 0.0002430272
31630 0.0002293375
31640 0.0002164264
31650 0.0002042583
31660 0.0001928009
31670 0.0001820095
31680 0.0001719735
31690 0.0001625633
31700 0.0001537071
31710 0.0001453803
31720 0.0001375498
31730 0.0001301874
31740 0.0001233512
31750 0.0001169357
31760 0.0001108978
31770 0.0001052173
31780 0.0000998716
31790 0.0000948452
31800 0.0000901675
31810 0.0000857735
31820 0.0000816336
31830 0.0000777291
31840 0.0000740476
31850 0.0000705806
31860 0.0000673463
31870 0.0000643031
31880 0.0000614273
31890 0.0000587093
31900 0.0000561408
31910 0.0000537176
31920 0.0000514477
31930 0.0000493044
31940 0.0000472722
31950 0.0000453458
31960 0.0000435211
31970 0.0000417925
31980 0.0000401687
31990 0.0000386295
32000 0.0000371610
32010 0.0000357637
32020 0.0000344375
32030 0.0000331762
32040 0.0000319896
32050 0.0000308600
32060 0.0000297794
32070 0.0000287480
32080 0.0000277651
32090 0.0000268233
32100 0.0000259345
32110 0.0000250817
32120 0.0000242616
32130 0.0000234746
32140 0.0000227204
32150 0.0000219934
32160 0.0000213044
32170 0.0000206383
32180 0.0000199962
32190 0.0000193780
32200 0.0000187824
32210 0.0000182060
32220 0.0000176574
32230 0.0000171229
32240 0.0000166063
32250 0.0000161062
32260 0.0000156207
32270 0.0000151499
32280 0.0000146998
32290 0.0000142599
32300 0.0000138344
32310 0.0000134211
32320 0.0000130174
32330 0.0000126245
32340 0.0000122444
32350 0.0000118718
32360 0.0000115098
32370 0.0000111560
32380 0.0000108081
32390 0.0000104701
32400 0.0000101428
32410 0.0000098234
32420 0.0000095134
32430 0.0000092103
32440 0.0000089117
32450 0.0000086218
32460 0.0000083383
32470 0.0000080613
32480 0.0000077913
32490 0.0000075265
32500 0.0000072666
32510 0.0000070159
32520 0.0000067701
32530 0.0000065311
32540 0.0000062981
32550 0.0000060694
32560 0.0000058452
32570 0.0000056304
32580 0.0000054206
32590 0.0000052168
32600 0.0000050175
32610 0.0000048221
32620 0.0000046317
32630 0.0000044506
32640 0.0000042751
32650 0.0000041069
32660 0.0000039441
32670 0.0000037851
32680 0.0000036297
32690 0.0000034809
32700 0.0000033356
32710 0.0000031973
32720 0.0000030641
32730 0.0000029344
32740 0.0000028078
32750 0.0000026869
32760 0.0000025694
32770 0.0000024584
32780 0.0000023520
32790 0.0000022492
32800 0.0000021504
32810 0.0000020577
32820 0.0000019665
32830 0.0000018812
32840 0.0000017999
32850 0.0000017218
32860 0.0000016472
32870 0.0000015778
32880 0.0000015092
32890 0.0000014455
32900 0.0000013844
32910 0.0000013250
32920 0.0000012676
32930 0.0000012136
32940 0.0000011606
32950 0.0000011112
32960 0.0000010635
32970 0.0000010168
32980 0.0000009717
32990 0.0000009294
33000 0.0000008870
33010 0.0000008489
33020 0.0000008134
33030 0.0000007792
33040 0.0000007458
33050 0.0000007159
33060 0.0000006862
33070 0.0000006599
33080 0.0000006362
33090 0.0000006142
33100 0.0000005929
33110 0.0000005724
33120 0.0000005503
33130 0.0000005303
33140 0.0000005115
33150 0.0000004931
33160 0.0000004752
33170 0.0000004600
33180 0.0000004431
33190 0.0000004270
33200 0.0000004128
33210 0.0000004006
33220 0.0000003900
33230 0.0000003820
33240 0.0000003722
33250 0.0000003625
33260 0.0000003534
33270 0.0000003446
33280 0.0000003360
33290 0.0000003295
33300 0.0000003219
33310 0.0000003138
33320 0.0000003065
33330 0.0000002994
33340 0.0000002915
33350 0.0000002847
33360 0.0000002785
33370 0.0000002726
33380 0.0000002672
33390 0.0000002616
33400 0.0000002553
33410 0.0000002506
33420 0.0000002469
33430 0.0000002432
33440 0.0000002405
33450 0.0000002384
33460 0.0000002357
33470 0.0000002330
33480 0.0000002313
33490 0.0000002300
33500 0.0000002290
33510 0.0000002271
33520 0.0000002231
33530 0.0000002186
33540 0.0000002160
33550 0.0000002128
33560 0.0000002094
33570 0.0000002061
33580 0.0000002032
33590 0.0000001998
33600 0.0000001970
33610 0.0000001943
33620 0.0000001924
33630 0.0000001913
33640 0.0000001902
33650 0.0000001885
33660 0.0000001870
33670 0.0000001853
33680 0.0000001833
33690 0.0000001816
33700 0.0000001809
33710 0.0000001807
33720 0.0000001807
33730 0.0000001799
33740 0.0000001783
33750 0.0000001767
33760 0.0000001762
33770 0.0000001757
33780 0.0000001756
33790 0.0000001764
33800 0.0000001769
33810 0.0000001763
33820 0.0000001752
33830 0.0000001754
33840 0.0000001769
33850 0.0000001786
33860 0.0000001795
33870 0.0000001794
33880 0.0000001789
33890 0.0000001777
33900 0.0000001769
33910 0.0000001768
33920 0.0000001774
33930 0.0000001781
33940 0.0000001777
33950 0.0000001768
33960 0.0000001761
33970 0.0000001748
33980 0.0000001727
33990 0.0000001704
34000 0.0000001693
34010 0.0000001698
34020 0.0000001694
34030 0.0000001693
34040 0.0000001700
34050 0.0000001716
34060 0.0000001742
34070 0.0000001770
34080 0.0000001808
34090 0.0000001848
34100 0.0000001878
34110 0.0000001893
34120 0.0000001906
34130 0.0000001915
34140 0.0000001909
34150 0.0000001906
34160 0.0000001916
34170 0.0000001938
34180 0.0000001957
34190 0.0000001972
34200 0.0000001995
34210 0.0000002020
34220 0.0000002056
34230 0.0000002108
34240 0.0000002172
34250 0.0000002235
34260 0.0000002277
34270 0.0000002304
34280 0.0000002329
34290 0.0000002357
34300 0.0000002379
34310 0.0000002405
34320 0.0000002429
34330 0.0000002440
34340 0.0000002444
34350 0.0000002454
34360 0.0000002478
34370 0.0000002498
34380 0.0000002522
34390 0.0000002551
34400 0.0000002576
34410 0.0000002597
34420 0.0000002630
34430 0.0000002668
34440 0.0000002698
34450 0.0000002724
34460 0.0000002743
34470 0.0000002760
34480 0.0000002786
34490 0.0000002815
34500 0.0000002827
34510 0.0000002835
34520 0.0000002836
34530 0.0000002828
34540 0.0000002827
34550 0.0000002861
34560 0.0000002886
34570 0.0000002898
34580 0.0000002908
34590 0.0000002928
34600 0.0000002943
34610 0.0000002960
34620 0.0000002992
34630 0.0000003012
34640 0.0000003017
34650 0.0000003019
34660 0.0000003026
34670 0.0000003020
34680 0.0000003017
34690 0.0000003011
34700 0.0000002995
34710 0.0000002970
34720 0.0000002947
34730 0.0000002916
34740 0.0000002882
34750 0.0000002848
34760 0.0000002811
34770 0.0000002776
34780 0.0000002757
34790 0.0000002745
34800 0.0000002723
34810 0.0000002713
34820 0.0000002711
34830 0.0000002706
34840 0.0000002692
34850 0.0000002706
34860 0.0000002714
34870 0.0000002713
34880 0.0000002713
34890 0.0000002715
34900 0.0000002691
34910 0.0000002663
34920 0.0000002652
34930 0.0000002634
34940 0.0000002613
34950 0.0000002599
34960 0.0000002593
34970 0.0000002552
34980 0.0000002525
34990 0.0000002514
35000 0.0000002506
35010 0.0000002489
35020 0.0000002491
35030 0.0000002491
35040 0.0000002466
35050 0.0000002445
35060 0.0000002428
35070 0.0000002405
35080 0.0000002372
35090 0.0000002379
35100 0.0000002381
35110 0.0000002370
35120 0.0000002355
35130 0.0000002344
35140 0.0000002318
35150 0.0000002296
35160 0.0000002291
35170 0.0000002275
35180 0.0000002244
35190 0.0000002208
35200 0.0000002174
35210 0.0000002125
35220 0.0000002095
35230 0.0000002079
35240 0.0000002062
35250 0.0000002033
35260 0.0000002019
35270 0.0000002010
35280 0.0000001989
35290 0.0000001977
35300 0.0000001975
35310 0.0000001968
35320 0.0000001948
35330 0.0000001954
35340 0.0000001958
35350 0.0000001953
35360 0.0000001952
35370 0.0000001960
35380 0.0000001953
35390 0.0000001940
35400 0.0000001943
35410 0.0000001942
35420 0.0000001930
35430 0.0000001918
35440 0.0000001918
35450 0.0000001897
35460 0.0000001887
35470 0.0000001894
35480 0.0000001901
35490 0.0000001895
35500 0.0000001906
35510 0.0000001937
35520 0.0000001943
35530 0.0000001947
35540 0.0000001957
35550 0.0000001968
35560 0.0000001953
35570 0.0000001962
35580 0.0000001974
35590 0.0000001966
35600 0.0000001948
35610 0.0000001945
35620 0.0000001940
35630 0.0000001918
35640 0.0000001915
35650 0.0000001910
35660 0.0000001888
35670 0.0000001856
35680 0.0000001860
35690 0.0000001858
35700 0.0000001837
35710 0.0000001822
35720 0.0000001815
35730 0.0000001795
35740 0.0000001771
35750 0.0000001786
35760 0.0000001793
35770 0.0000001785
35780 0.0000001775
35790 0.0000001777
35800 0.0000001766
35810 0.0000001756
35820 0.0000001769
35830 0.0000001778
35840 0.0000001769
35850 0.0000001751
35860 0.0000001755
35870 0.0000001744
35880 0.0000001726
35890 0.0000001714
35900 0.0000001702
35910 0.0000001674
35920 0.0000001645
35930 0.0000001648
35940 0.0000001637
35950 0.0000001614
35960 0.0000001591
35970 0.0000001581
35980 0.0000001550
36160 0.0000001550
36170 0.0000001546
36180 0.0000001562
36190 0.0000001579
36200 0.0000001583
36210 0.0000001585
36220 0.0000001619
36230 0.0000001636
36240 0.0000001644
36250 0.0000001666
36260 0.0000001701
36270 0.0000001720
36280 0.0000001723
36290 0.0000001747
36300 0.0000001762
36310 0.0000001762
36320 0.0000001759
36330 0.0000001775
36340 0.0000001780
36350 0.0000001762
36360 0.0000001766
36370 0.0000001781
36380 0.0000001791
36390 0.0000001794
36400 0.0000001833
36410 0.0000001868
36420 0.0000001883
36430 0.0000001905
36440 0.0000001941
36450 0.0000001968
36460 0.0000001965
36470 0.0000001980
36480 0.0000001995
36490 0.0000001995
36500 0.0000001987
36510 0.0000001997
36520 0.0000002018
36530 0.0000002012
36540 0.0000002013
36550 0.0000002031
36560 0.0000002053
36570 0.0000002054
36580 0.0000002068
36590 0.0000002092
36600 0.0000002088
36610 0.0000002073
36620 0.0000002069
36630 0.0000002083
36640 0.0000002070
36650 0.0000002065
36660 0.0000002074
36670 0.0000002082
36680 0.0000002079
36690 0.0000002079
36700 0.0000002106
36710 0.0000002115
36720 0.0000002106
36730 0.0000002107
36740 0.0000002120
36750 0.0000002113
36760 0.0000002084
36770 0.0000002087
36780 0.0000002086
36790 0.0000002071
36800 0.0000002052
36810 0.0000002053
36820 0.0000002046
36830 0.0000002015
36840 0.0000001993
36850 0.0000001983
36860 0.0000001973
36870 0.0000001938
36880 0.0000001919
36890 0.0000001917
36900 0.0000001894
36910 0.0000001864
36920 0.0000001850
36930 0.0000001854
36940 0.0000001828
36950 0.0000001811
36960 0.0000001808
36970 0.0000001800
36980 0.0000001776
36990 0.0000001747
37000 0.0000001753
37010 0.0000001751
37020 0.0000001730
37030 0.0000001713
37040 0.0000001709
37050 0.0000001686
37060 0.0000001632
37070 0.0000001611
37080 0.0000001596
37090 0.0000001567
