1420
12650 0.0010020400
12660 0.0010262100
12670 0.0010503000
12680 0.0010721700
12690 0.0010935500
12700 0.0011132200
12710 0.0011320800
12720 0.0011498400
12730 0.0011666400
12740 0.0011826600
12750 0.0011974500
12760 0.0012119300
12770 0.0012254800
12780 0.0012388600
12790 0.0012506800
12800 0.0012625100
12810 0.0012722900
12820 0.0012819800
12830 0.0012899500
12840 0.0012975200
12850 0.0013040000
12860 0.0013099400
12870 0.0013152900
12880 0.0013201000
12890 0.0013246800
12900 0.0013288800
12910 0.0013329000
12920 0.0013363300
12930 0.0013396400
12940 0.0013419500
12950 0.0013442600
12960 0.0013461800
12970 0.0013480700
12980 0.0013495100
12990 0.0013508400
13000 0.0013520200
13010 0.0013531300
13020 0.0013541500
13030 0.0013551000
13040 0.0013559200
13050 0.0013565300
13060 0.0013569500
13070 0.0013567200
13080 0.0013564200
13090 0.0013553700
13100 0.0013543300
13110 0.0013526200
13120 0.0013508700
13130 0.0013491900
13140 0.0013475300
13150 0.0013459800
13160 0.0013444900
13170 0.0013430300
13180 0.0013415800
13190 0.0013401400
13200 0.0013387300
13210 0.0013372900
13220 0.0013357600
13230 0.0013342500
13240 0.0013330600
13250 0.0013318700
13260 0.0013311500
13270 0.0013304600
13280 0.0013301400
13290 0.0013299200
13300 0.0013296900
13310 0.0013294600
13320 0.0013290200
13330 0.0013283700
13340 0.0013274300
13350 0.0013259500
13360 0.0013243800
13370 0.0013224400
13380 0.0013204900
13390 0.0013184400
13400 0.0013163900
13410 0.0013139300
13420 0.0013114300
13430 0.0013091000
13440 0.0013068100
13450 0.0013044500
13460 0.0013020600
13470 0.0012995600
13480 0.0012969500
13490 0.0012944900
13500 0.0012922800
13510 0.0012902100
13520 0.0012886500
13530 0.0012871100
13540 0.0012857500
13550 0.0012843900
13560 0.0012832600
13570 0.0012821500
13580 0.0012813400
13590 0.0012806200
13600 0.0012794600
13610 0.0012780500
13620 0.0012765500
13630 0.0012749700
13640 0.0012733400
13650 0.0012716100
13660 0.0012698700
13670 0.0012680400
13680 0.0012662300
13690 0.0012645400
13700 0.0012628600
13710 0.0012617800
13720 0.0012607700
13730 0.0012600400
13740 0.0012594000
13750 0.0012588100
13760 0.0012582600
13770 0.0012578300
13780 0.0012575300
13790 0.0012571200
13800 0.0012564800
13810 0.0012558600
13820 0.0012553700
13830 0.0012548900
13840 0.0012546700
13850 0.0012544500
13860 0.0012541600
13870 0.0012538600
13880 0.0012529700
13890 0.0012518900
13900 0.0012502900
13910 0.0012483500
13920 0.0012460400
13930 0.0012433100
13940 0.0012403900
13950 0.0012370900
13960 0.0012337300
13970 0.0012301400
13980 0.0012265200
13990 0.0012220300
14000 0.0012175400
14010 0.0012121300
14020 0.0012066100
14030 0.0012006400
14040 0.0011945200
14050 0.0011883100
14060 0.0011820300
14070 0.0011758700
14080 0.0011698400
14090 0.0011639800
14100 0.0011585000
14110 0.0011530800
14120 0.0011479100
14130 0.0011427500
14140 0.0011379400
14150 0.0011331300
14160 0.0011290000
14170 0.0011249600
14180 0.0011217100
14190 0.0011187500
14200 0.0011161700
14210 0.0011138700
14220 0.0011115900
14230 0.0011093400
14240 0.0011069300
14250 0.0011041400
14260 0.0011012200
14270 0.0010976100
14280 0.0010940000
14290 0.0010900800
14300 0.0010861600
14310 0.0010817200
14320 0.0010772000
14330 0.0010719100
14340 0.0010663200
14350 0.0010602600
14360 0.0010538600
14370 0.0010471700
14380 0.0010401300
14390 0.0010330200
14400 0.0010257200
14410 0.0010184500
14420 0.0010113600
14430 0.0010042800
14560 0.0010009800
14570 0.0010067300
14580 0.0010124700
14590 0.0010192200
14600 0.0010259600
14610 0.0010319100
14620 0.0010377100
14630 0.0010425500
14640 0.0010469800
14650 0.0010505700
14660 0.0010535000
14670 0.0010560900
14680 0.0010582100
14690 0.0010600900
14700 0.0010613800
14710 0.0010626300
14720 0.0010635600
14730 0.0010645000
14740 0.0010642500
14750 0.0010639900
14760 0.0010628600
14770 0.0010615800
14780 0.0010597100
14790 0.0010575900
14800 0.0010550500
14810 0.0010521600
14820 0.0010489900
14830 0.0010454100
14840 0.0010417200
14850 0.0010377200
14860 0.0010337000
14870 0.0010294700
14880 0.0010252400
14890 0.0010202700
14900 0.0010152900
14910 0.0010098600
14920 0.0010043400
30260 0.0010140800
30270 0.0010637800
30280 0.0011166800
30290 0.0011733500
30300 0.0012324700
30310 0.0012942500
30320 0.0013601400
30330 0.0014301400
30340 0.0015030300
30350 0.0015789500
30360 0.0016599200
30370 0.0017459800
30380 0.0018366400
30390 0.0019320600
30400 0.0020346700
30410 0.0021426900
30420 0.0022551400
30430 0.0023717900
30440 0.0024978600
30450 0.0026315900
30460 0.0027720100
30470 0.0029188100
30480 0.0030758400
30490 0.0032401400
30500 0.0034118700
30510 0.0035921500
30520 0.0037849200
30530 0.0039873200
30540 0.0041995800
30550 0.0044240600
30560 0.0046616900
30570 0.0049106400
30580 0.0051714900
30590 0.0054480900
30600 0.0057396700
30610 0.0060449400
30620 0.0063646300
30630 0.0067055800
30640 0.0070652000
30650 0.0074417700
30660 0.0078358200
30670 0.0082575700
30680 0.0087014800
30690 0.0091668200
30700 0.0096547300
30710 0.0101814000
30720 0.0107336000
30730 0.0113123000
30740 0.0119207000
30750 0.0125748000
30760 0.0132613000
30770 0.0139817000
30780 0.0147434000
30790 0.0155586000
30800 0.0164153000
30810 0.0173158000
30820 0.0182742000
30830 0.0192991000
30840 0.0203783000
30850 0.0215132000
30860 0.0227283000
30870 0.0240239000
30880 0.0253903000
30890 0.0268296000
30900 0.0283812000
30910 0.0300310000
30920 0.0317714000
30930 0.0336064000
30940 0.0355965000
30950 0.0377052000
30960 0.0399321000
30970 0.0422862000
30980 0.0448452000
30990 0.0475512000
31000 0.0504108000
31010 0.0534505000
31020 0.0567398000
31030 0.0602180000
31040 0.0638930000
31050 0.0678140000
31060 0.0720366000
31070 0.0764991000
31080 0.0812077000
31090 0.0862520000
31100 0.0916517000
31110 0.0973494000
31120 0.1033520000
31130 0.1097960000
31140 0.1166490000
31150 0.1238600000
31160 0.1314370000
31170 0.1395800000
31180 0.1481640000
31190 0.1571640000
31200 0.1665870000
31210 0.1766830000
31220 0.1872340000
31230 0.1982410000
31240 0.2097390000
31250 0.2219140000
31260 0.2345520000
31270 0.2476520000
31280 0.2612680000
31290 0.2755000000
31300 0.2901570000
31310 0.3052200000
31320 0.3207650000
31330 0.3367800000
31340 0.3531200000
31350 0.3697600000
31360 0.3867590000
31370 0.4040170000
31380 0.4214440000
31390 0.4390210000
31400 0.4567190000
31410 0.4744470000
31420 0.4921620000
31430 0.5098330000
31440 0.5273460000
31450 0.5446860000
31460 0.5618280000
31470 0.5787340000
31480 0.5952200000
31490 0.6113770000
31500 0.6271910000
31510 0.6425940000
31520 0.6574340000
31530 0.6718450000
31540 0.6858150000
31550 0.6992590000
31560 0.7120760000
31570 0.7244290000
31580 0.7363150000
31590 0.7476090000
31600 0.7583130000
31610 0.7685570000
31620 0.7783510000
31630 0.7875400000
31640 0.7962260000
31650 0.8044960000
31660 0.8123550000
31670 0.8196570000
31680 0.8265460000
31690 0.8330720000
31700 0.8392430000
31710 0.8449070000
31720 0.8502560000
31730 0.8553030000
31740 0.8600340000
31750 0.8643710000
31760 0.8684500000
31770 0.8722790000
31780 0.8758390000
31790 0.8790940000
31800 0.8821510000
31810 0.8850140000
31820 0.8876480000
31830 0.8900610000
31840 0.8923100000
31850 0.8944030000
31860 0.8963080000
31870 0.8980490000
31880 0.8996670000
31890 0.9011680000
31900 0.9025130000
31910 0.9037440000
31920 0.9048820000
31930 0.9059330000
31940 0.9068640000
31950 0.9077220000
31960 0.9085110000
31970 0.9092300000
31980 0.9098650000
31990 0.9104510000
32000 0.9109910000
32010 0.9114860000
32020 0.9119150000
32030 0.9123110000
32040 0.9126750000
32050 0.9129970000
32060 0.9132880000
32070 0.9135510000
32080 0.9137900000
32090 0.9140080000
32100 0.9141950000
32110 0.9143670000
32120 0.9145260000
32130 0.9146660000
32140 0.9147960000
32150 0.9149150000
32160 0.9150260000
32170 0.9151280000
32180 0.9152260000
32190 0.9153190000
32200 0.9154060000
32210 0.9154930000
32220 0.9155740000
32230 0.9156510000
32240 0.9157290000
32250 0.9157960000
32260 0.9158660000
32270 0.9159350000
32280 0.9159970000
32290 0.9160630000
32300 0.9161240000
32310 0.9161790000
32320 0.9162360000
32330 0.9162830000
32340 0.9163300000
32350 0.9163770000
32360 0.9164180000
32370 0.9164560000
32380 0.9164910000
32390 0.9165240000
32400 0.9165520000
32410 0.9165800000
32420 0.9166020000
32430 0.9166170000
32440 0.9166310000
32450 0.9166330000
32460 0.9166290000
32470 0.9166230000
32480 0.9165970000
32490 0.9165700000
32500 0.9165370000
32510 0.9164900000
32520 0.9164370000
32530 0.9163770000
32540 0.9163120000
32550 0.9162440000
32560 0.9161690000
32570 0.9160890000
32580 0.9160040000
32590 0.9159170000
32600 0.9158170000
32610 0.9157150000
32620 0.9156110000
32630 0.9154920000
32640 0.9153720000
32650 0.9152460000
32660 0.9151090000
32670 0.9149770000
32680 0.9148360000
32690 0.9146920000
32700 0.9145470000
32710 0.9143980000
32720 0.9142450000
32730 0.9140920000
32740 0.9139390000
32750 0.9137760000
32760 0.9136160000
32770 0.9134560000
32780 0.9132870000
32790 0.9131320000
32800 0.9129740000
32810 0.9128170000
32820 0.9126650000
32830 0.9125090000
32840 0.9123570000
32850 0.9122090000
32860 0.9120660000
32870 0.9119240000
32880 0.9117890000
32890 0.9116610000
32900 0.9115330000
32910 0.9114180000
32920 0.9113060000
32930 0.9111960000
32940 0.9111070000
32950 0.9110230000
32960 0.9109480000
32970 0.9108880000
32980 0.9108400000
32990 0.9108000000
33000 0.9107690000
33010 0.9107510000
33020 0.9107460000
33030 0.9107590000
33040 0.9107860000
33050 0.9108220000
33060 0.9108840000
33070 0.9109550000
33080 0.9110360000
33090 0.9111410000
33100 0.9112620000
33110 0.9113970000
33120 0.9115470000
33130 0.9117180000
33140 0.9119000000
33150 0.9120960000
33160 0.9123070000
33170 0.9125250000
33180 0.9127600000
33190 0.9130050000
33200 0.9132560000
33210 0.9135260000
33220 0.9138040000
33230 0.9140880000
33240 0.9143810000
33250 0.9146920000
33260 0.9150080000
33270 0.9153330000
33280 0.9156740000
33290 0.9160160000
33300 0.9163670000
33310 0.9167250000
33320 0.9170810000
33330 0.9174410000
33340 0.9178020000
33350 0.9181610000
33360 0.9185180000
33370 0.9188780000
33380 0.9192310000
33390 0.9195750000
33400 0.9199210000
33410 0.9202540000
33420 0.9205830000
33430 0.9209100000
33440 0.9212270000
33450 0.9215320000
33460 0.9218280000
33470 0.9221130000
33480 0.9223730000
33490 0.9226320000
33500 0.9228840000
33510 0.9231190000
33520 0.9233390000
33530 0.9235400000
33540 0.9237230000
33550 0.9238880000
33560 0.9240360000
33570 0.9241690000
33580 0.9242880000
33590 0.9243940000
33600 0.9244680000
33610 0.9245270000
33620 0.9245760000
33630 0.9246030000
33640 0.9246190000
33650 0.9246240000
33660 0.9246160000
33670 0.9245810000
33680 0.9245350000
33690 0.9244740000
33700 0.9243950000
33710 0.9243100000
33720 0.9242100000
33730 0.9241010000
33740 0.9239840000
33750 0.9238590000
33760 0.9237240000
33770 0.9235840000
33780 0.9234440000
33790 0.9232910000
33800 0.9231390000
33810 0.9229860000
33820 0.9228280000
33830 0.9226690000
33840 0.9225080000
33850 0.9223430000
33860 0.9221710000
33870 0.9220060000
33880 0.9218400000
33890 0.9216730000
33900 0.9215150000
33910 0.9213550000
33920 0.9211950000
33930 0.9210370000
33940 0.9208830000
33950 0.9207270000
33960 0.9205760000
33970 0.9204340000
33980 0.9202950000
33990 0.9201650000
34000 0.9200420000
34010 0.9199250000
34020 0.9198170000
34030 0.9197210000
34040 0.9196350000
34050 0.9195560000
34060 0.9195020000
34070 0.9194560000
34080 0.9194180000
34090 0.9193950000
34100 0.9193850000
34110 0.9193830000
34120 0.9193900000
34130 0.9194180000
34140 0.9194540000
34150 0.9195020000
34160 0.9195640000
34170 0.9196370000
34180 0.9197180000
34190 0.9198080000
34200 0.9199080000
34210 0.9200170000
34220 0.9201430000
34230 0.9202790000
34240 0.9204190000
34250 0.9205720000
34260 0.9207340000
34270 0.9209060000
34280 0.9210890000
34290 0.9212990000
34300 0.9215150000
34310 0.9217350000
34320 0.9219590000
34330 0.9221720000
34340 0.9223800000
34350 0.9225850000
34360 0.9227890000
34370 0.9229770000
34380 0.9231570000
34390 0.9233290000
34400 0.9234790000
34410 0.9236210000
34420 0.9237590000
34430 0.9238950000
34440 0.9240240000
34450 0.9241560000
34460 0.9242840000
34470 0.9244040000
34480 0.9245200000
34490 0.9246270000
34500 0.9247250000
34510 0.9248080000
34520 0.9248810000
34530 0.9249410000
34540 0.9249890000
34550 0.9250310000
34560 0.9250570000
34570 0.9250720000
34580 0.9250780000
34590 0.9250770000
34600 0.9250580000
34610 0.9250340000
34620 0.9250050000
34630 0.9249630000
34640 0.9249110000
34650 0.9248530000
34660 0.9247860000
34670 0.9246980000
34680 0.9246010000
34690 0.9244940000
34700 0.9243770000
34710 0.9242510000
34720 0.9241190000
34730 0.9239810000
34740 0.9238350000
34750 0.9236900000
34760 0.9235380000
34770 0.9233820000
34780 0.9232210000
34790 0.9230600000
34800 0.9228980000
34810 0.9227370000
34820 0.9225810000
34830 0.9224230000
34840 0.9222650000
34850 0.9221080000
34860 0.9219520000
34870 0.9217960000
34880 0.9216470000
34890 0.9215050000
34900 0.9213660000
34910 0.9212290000
34920 0.9210950000
34930 0.9209650000
34940 0.9208340000
34950 0.9207110000
34960 0.9205910000
34970 0.9204720000
34980 0.9203610000
34990 0.9202570000
35000 0.9201570000
35010 0.9200610000
35020 0.9199770000
35030 0.9198960000
35040 0.9198190000
35050 0.9197480000
35060 0.9196860000
35070 0.9196290000
35080 0.9195780000
35090 0.9195430000
35100 0.9195290000
35110 0.9195310000
35120 0.9195460000
35130 0.9195710000
35140 0.9195900000
35150 0.9196100000
35160 0.9196340000
35170 0.9196670000
35180 0.9197060000
35190 0.9197490000
35200 0.9197940000
35210 0.9198240000
35220 0.9198490000
35230 0.9198710000
35240 0.9198950000
35250 0.9199300000
35260 0.9199730000
35270 0.9200220000
35280 0.9200720000
35290 0.9201240000
35300 0.9201760000
35310 0.9202270000
35320 0.9202770000
35330 0.9203290000
35340 0.9203800000
35350 0.9204300000
35360 0.9204790000
35370 0.9205250000
35380 0.9205650000
35390 0.9206000000
35400 0.9206330000
35410 0.9206640000
35420 0.9206950000
35430 0.9207260000
35440 0.9207570000
35450 0.9207840000
35460 0.9208100000
35470 0.9208370000
35480 0.9208640000
35490 0.9208880000
35500 0.9209100000
35510 0.9209300000
35520 0.9209440000
35530 0.9209540000
35540 0.9209620000
35550 0.9209670000
35560 0.9209690000
35570 0.9209700000
35580 0.9209710000
35590 0.9209680000
35600 0.9209640000
35610 0.9209600000
35620 0.9209550000
35630 0.9209470000
35640 0.9209380000
35650 0.9209290000
35660 0.9209210000
35670 0.9209150000
35680 0.9209110000
35690 0.9209060000
35700 0.9208990000
35710 0.9208930000
35720 0.9208890000
35730 0.9208850000
35740 0.9208800000
35750 0.9208770000
35760 0.9208730000
35770 0.9208700000
35780 0.9208650000
35790 0.9208630000
35800 0.9208640000
35810 0.9208680000
35820 0.9208780000
35830 0.9208910000
35840 0.9209080000
35850 0.9209290000
35860 0.9209540000
35870 0.9209820000
35880 0.9210120000
35890 0.9210440000
35900 0.9210800000
35910 0.9211180000
35920 0.9211580000
35930 0.9212010000
35940 0.9212470000
35950 0.9212980000
35960 0.9213550000
35970 0.9214160000
35980 0.9214850000
35990 0.9215590000
36000 0.9216380000
36010 0.9217190000
36020 0.9218020000
36030 0.9218870000
36040 0.9219760000
36050 0.9220690000
36060 0.9221640000
36070 0.9222610000
36080 0.9223590000
36090 0.9224600000
36100 0.9225630000
36110 0.9226670000
36120 0.9227750000
36130 0.9228890000
36140 0.9230060000
36150 0.9231230000
36160 0.9232410000
36170 0.9233600000
36180 0.9234800000
36190 0.9236010000
36200 0.9237220000
36210 0.9238460000
36220 0.9239720000
36230 0.9240990000
36240 0.9242270000
36250 0.9243520000
36260 0.9244780000
36270 0.9246030000
36280 0.9247270000
36290 0.9248480000
36300 0.9249680000
36310 0.9250860000
36320 0.9252010000
36330 0.9253120000
36340 0.9254210000
36350 0.9255300000
36360 0.9256400000
36370 0.9257490000
36380 0.9258570000
36390 0.9259650000
36400 0.9260710000
36410 0.9261750000
36420 0.9262770000
36430 0.9263770000
36440 0.9264720000
36450 0.9265640000
36460 0.9266520000
36470 0.9267350000
36480 0.9268160000
36490 0.9268960000
36500 0.9269730000
36510 0.9270450000
36520 0.9271180000
36530 0.9271910000
36540 0.9272650000
36550 0.9273360000
36560 0.9274060000
36570 0.9274750000
36580 0.9275420000
36590 0.9276030000
36600 0.9276630000
36610 0.9277230000
36620 0.9277830000
36630 0.9278390000
36640 0.9278950000
36650 0.9279510000
36660 0.9280060000
36670 0.9280610000
36680 0.9281150000
36690 0.9281700000
36700 0.9282240000
36710 0.9282780000
36720 0.9283310000
36730 0.9283820000
36740 0.9284320000
36750 0.9284790000
36760 0.9285230000
36770 0.9285660000
36780 0.9286090000
36790 0.9286560000
36800 0.9287020000
36810 0.9287480000
36820 0.9287970000
36830 0.9288490000
36840 0.9288990000
36850 0.9289470000
36860 0.9289940000
36870 0.9290410000
36880 0.9290860000
36890 0.9291280000
36900 0.9291720000
36910 0.9292170000
36920 0.9292610000
36930 0.9293020000
36940 0.9293430000
36950 0.9293860000
36960 0.9294270000
36970 0.9294670000
36980 0.9295050000
36990 0.9295410000
37000 0.9295720000
37010 0.9296000000
37020 0.9296240000
37030 0.9296450000
37040 0.9296610000
37050 0.9296730000
37060 0.9296830000
37070 0.9296900000
37080 0.9296970000
37090 0.9297050000
37100 0.9297130000
37110 0.9297180000
37120 0.9297180000
37130 0.9297160000
37140 0.9297080000
37150 0.9296940000
37160 0.9296740000
37170 0.9296490000
37180 0.9296180000
37190 0.9295820000
37200 0.9295410000
37210 0.9294970000
37220 0.9294500000
37230 0.9293990000
37240 0.9293450000
37250 0.9292900000
37260 0.9292310000
37270 0.9291690000
37280 0.9291040000
37290 0.9290360000
37300 0.9289610000
37310 0.9288800000
37320 0.9287950000
37330 0.9287070000
37340 0.9286170000
37350 0.9285250000
37360 0.9284340000
37370 0.9283400000
37380 0.9282450000
37390 0.9281480000
37400 0.9280510000
37410 0.9279530000
37420 0.9278500000
37430 0.9277430000
37440 0.9276330000
37450 0.9275180000
37460 0.9274000000
37470 0.9272780000
37480 0.9271580000
37490 0.9270360000
37500 0.9269140000
37510 0.9267920000
37520 0.9266760000
37530 0.9265610000
37540 0.9264480000
37550 0.9263380000
37560 0.9262320000
37570 0.9261250000
37580 0.9260190000
37590 0.9259160000
37600 0.9258160000
37610 0.9257160000
37620 0.9256160000
37630 0.9255210000
37640 0.9254310000
37650 0.9253450000
37660 0.9252620000
37670 0.9251870000
37680 0.9251190000
37690 0.9250540000
37700 0.9249920000
37710 0.9249360000
37720 0.9248840000
37730 0.9248330000
37740 0.9247820000
37750 0.9247360000
37760 0.9246960000
37770 0.9246590000
37780 0.9246250000
37790 0.9246000000
37800 0.9245810000
37810 0.9245650000
37820 0.9245520000
37830 0.9245490000
37840 0.9245520000
37850 0.9245590000
37860 0.9245670000
37870 0.9245790000
37880 0.9245920000
37890 0.9246050000
37900 0.9246150000
37910 0.9246320000
37920 0.9246510000
37930 0.9246720000
37940 0.9246930000
37950 0.9247220000
37960 0.9247550000
37970 0.9247890000
37980 0.9248240000
37990 0.9248650000
38000 0.9249070000
38010 0.9249460000
38020 0.9249810000
38030 0.9250170000
38040 0.9250530000
38050 0.9250860000
38060 0.9251130000
38070 0.9251400000
38080 0.9251670000
38090 0.9251890000
38100 0.9252050000
38110 0.9252230000
38120 0.9252420000
38130 0.9252570000
38140 0.9252670000
38150 0.9252750000
38160 0.9252800000
38170 0.9252770000
38180 0.9252650000
38190 0.9252500000
38200 0.9252320000
38210 0.9252070000
38220 0.9251750000
38230 0.9251380000
38240 0.9250990000
38250 0.9250530000
38260 0.9250030000
38270 0.9249510000
38280 0.9249010000
38290 0.9248440000
38300 0.9247820000
38310 0.9247160000
38320 0.9246480000
38330 0.9245690000
38340 0.9244820000
38350 0.9243900000
38360 0.9242950000
38370 0.9241900000
38380 0.9240770000
38390 0.9239600000
38400 0.9238400000
38410 0.9237170000
38420 0.9235900000
38430 0.9234600000
38440 0.9233350000
38450 0.9232080000
38460 0.9230780000
38470 0.9229430000
38480 0.9228110000
38490 0.9226770000
38500 0.9225400000
38510 0.9223990000
38520 0.9222600000
38530 0.9221200000
38540 0.9219780000
38550 0.9218330000
38560 0.9216960000
38570 0.9215620000
38580 0.9214280000
38590 0.9212950000
38600 0.9211700000
38610 0.9210490000
38620 0.9209300000
38630 0.9208110000
38640 0.9206980000
38650 0.9205900000
38660 0.9204850000
38670 0.9203800000
38680 0.9202830000
38690 0.9201930000
38700 0.9201090000
38710 0.9200260000
38720 0.9199510000
38730 0.9198830000
38740 0.9198220000
38750 0.9197620000
38760 0.9197100000
38770 0.9196630000
38780 0.9196250000
38790 0.9195860000
38800 0.9195520000
38810 0.9195240000
38820 0.9195030000
38830 0.9194840000
38840 0.9194700000
38850 0.9194610000
38860 0.9194630000
38870 0.9194660000
38880 0.9194720000
38890 0.9194820000
38900 0.9195010000
38910 0.9195200000
38920 0.9195390000
38930 0.9195570000
38940 0.9195790000
38950 0.9195990000
38960 0.9196170000
38970 0.9196340000
38980 0.9196550000
38990 0.9196740000
39000 0.9196900000
39010 0.9197010000
39020 0.9197120000
39030 0.9197220000
39040 0.9197300000
39050 0.9197330000
39060 0.9197330000
39070 0.9197290000
39080 0.9197190000
39090 0.9196970000
39100 0.9196720000
39110 0.9196420000
39120 0.9196070000
39130 0.9195580000
39140 0.9195010000
39150 0.9194370000
39160 0.9193650000
39170 0.9192780000
39180 0.9191820000
39190 0.9190790000
39200 0.9189700000
39210 0.9188440000
39220 0.9187060000
39230 0.9185590000
39240 0.9184060000
39250 0.9182350000
39260 0.9180520000
39270 0.9178610000
39280 0.9176660000
39290 0.9174570000
39300 0.9172350000
39310 0.9170040000
39320 0.9167630000
39330 0.9165100000
39340 0.9162470000
39350 0.9159770000
39360 0.9157010000
39370 0.9154200000
39380 0.9151300000
39390 0.9148290000
39400 0.9145190000
39410 0.9142070000
39420 0.9138900000
39430 0.9135680000
39440 0.9132450000
39450 0.9129220000
39460 0.9125960000
39470 0.9122660000
39480 0.9119320000
39490 0.9116020000
39500 0.9112750000
39510 0.9109500000
39520 0.9106260000
39530 0.9103080000
39540 0.9099940000
39550 0.9096810000
39560 0.9093680000
39570 0.9090610000
39580 0.9087610000
39590 0.9084690000
39600 0.9081820000
39610 0.9079020000
39620 0.9076280000
39630 0.9073660000
39640 0.9071090000
39650 0.9068580000
39660 0.9066140000
39670 0.9063880000
39680 0.9061670000
39690 0.9059510000
39700 0.9057400000
39710 0.9055410000
39720 0.9053470000
39730 0.9051560000
39740 0.9049680000
39750 0.9047890000
39760 0.9046160000
39770 0.9044450000
39780 0.9042710000
39790 0.9041010000
39800 0.9039320000
39810 0.9037610000
39820 0.9035830000
39830 0.9033960000
39840 0.9032020000
39850 0.9029980000
39860 0.9027790000
39870 0.9025360000
39880 0.9022780000
39890 0.9020050000
39900 0.9017060000
39910 0.9013710000
39920 0.9010090000
39930 0.9006210000
39940 0.9001890000
39950 0.8997120000
39960 0.8991950000
39970 0.8986360000
39980 0.8980140000
39990 0.8973310000
40000 0.8965900000
40010 0.8957870000
40020 0.8948900000
40030 0.8939210000
40040 0.8928780000
40050 0.8917540000
40060 0.8905110000
40070 0.8891820000
40080 0.8877620000
40090 0.8862280000
40100 0.8845560000
40110 0.8827810000
40120 0.8808990000
40130 0.8788690000
40140 0.8766820000
40150 0.8743700000
40160 0.8719290000
40170 0.8693060000
40180 0.8665110000
40190 0.8635700000
40200 0.8604830000
40210 0.8571780000
40220 0.8536860000
40230 0.8500290000
40240 0.8462040000
40250 0.8421240000
40260 0.8378560000
40270 0.8334080000
40280 0.8287730000
40290 0.8238610000
40300 0.8187560000
40310 0.8134580000
40320 0.8079380000
40330 0.8021360000
40340 0.7961330000
40350 0.7899280000
40360 0.7834770000
40370 0.7767450000
40380 0.7698120000
40390 0.7626730000
40400 0.7552690000
40410 0.7476010000
40420 0.7397280000
40430 0.7316480000
40440 0.7232930000
40450 0.7147020000
40460 0.7059150000
40470 0.6969350000
40480 0.6876770000
40490 0.6782160000
40500 0.6685660000
40510 0.6587390000
40520 0.6486410000
40530 0.6383770000
40540 0.6279550000
40550 0.6173680000
40560 0.6065680000
40570 0.5956380000
40580 0.5845810000
40590 0.5733880000
40600 0.5620430000
40610 0.5506030000
40620 0.5390740000
40630 0.5274440000
40640 0.5157460000
40650 0.5040020000
40660 0.4922180000
40670 0.4803930000
40680 0.4685540000
40690 0.4567100000
40700 0.4448640000
40710 0.4330540000
40720 0.4212880000
40730 0.4095730000
40740 0.3979140000
40750 0.3863700000
40760 0.3749150000
40770 0.3635610000
40780 0.3523110000
40790 0.3412360000
40800 0.3302980000
40810 0.3195010000
40820 0.3088640000
40830 0.2984550000
40840 0.2882170000
40850 0.2781480000
40860 0.2682860000
40870 0.2586700000
40880 0.2492440000
40890 0.2400080000
40900 0.2310310000
40910 0.2223120000
40920 0.2137980000
40930 0.2054890000
40940 0.1974560000
40950 0.1896680000
40960 0.1820830000
40970 0.1747100000
40980 0.1676370000
40990 0.1607860000
41000 0.1541360000
41010 0.1476890000
41020 0.1415380000
41030 0.1355860000
41040 0.1298230000
41050 0.1242600000
41060 0.1189710000
41070 0.1138610000
41080 0.1089250000
41090 0.1041820000
41100 0.0996744000
41110 0.0953273000
41120 0.0911372000
41130 0.0871333000
41140 0.0833231000
41150 0.0796546000
41160 0.0761229000
41170 0.0727670000
41180 0.0695651000
41190 0.0664865000
41200 0.0635288000
41210 0.0607279000
41220 0.0580483000
41230 0.0554745000
41240 0.0530028000
41250 0.0506725000
41260 0.0484394000
41270 0.0462947000
41280 0.0442376000
41290 0.0423035000
41300 0.0404473000
41310 0.0386657000
41320 0.0369630000
41330 0.0353588000
41340 0.0338197000
41350 0.0323433000
41360 0.0309391000
41370 0.0296102000
41380 0.0283347000
41390 0.0271113000
41400 0.0259511000
41410 0.0248480000
41420 0.0237884000
41430 0.0227724000
41440 0.0218117000
41450 0.0208956000
41460 0.0200159000
41470 0.0191714000
41480 0.0183748000
41490 0.0176123000
41500 0.0168796000
41510 0.0161753000
41520 0.0155141000
41530 0.0148805000
41540 0.0142722000
41550 0.0136886000
41560 0.0131372000
41570 0.0126073000
41580 0.0120983000
41590 0.0116127000
41600 0.0111541000
41610 0.0107136000
41620 0.0102903000
41630 0.0098876300
41640 0.0095040600
41650 0.0091351000
41660 0.0087806900
41670 0.0084450800
41680 0.0081259400
41690 0.0078186900
41700 0.0075222800
41710 0.0072398600
41720 0.0069693900
41730 0.0067087100
41740 0.0064574100
41750 0.0062189800
41760 0.0059902000
41770 0.0057700600
41780 0.0055584100
41790 0.0053570100
41800 0.0051623400
41810 0.0049744400
41820 0.0047942600
41830 0.0046234200
41840 0.0044583900
41850 0.0042992200
41860 0.0041472300
41870 0.0040028400
41880 0.0038635000
41890 0.0037290500
41900 0.0036001000
41910 0.0034776200
41920 0.0033596100
41930 0.0032456800
41940 0.0031363100
41950 0.0030305000
41960 0.0029280700
41970 0.0028291000
41980 0.0027343900
41990 0.0026427700
42000 0.0025541800
42010 0.0024688300
42020 0.0023882200
42030 0.0023098300
42040 0.0022336600
42050 0.0021599300
42060 0.0020909000
42070 0.0020244500
42080 0.0019602100
42090 0.0018980900
42100 0.0018389400
42110 0.0017821200
42120 0.0017273500
42130 0.0016743200
42140 0.0016229200
42150 0.0015730900
42160 0.0015249600
42170 0.0014792200
42180 0.0014345200
42190 0.0013906800
42200 0.0013477300
42210 0.0013061800
42220 0.0012655100
42230 0.0012253200
42240 0.0011855400
42250 0.0011480700
42260 0.0011127400
42270 0.0010788500
42280 0.0010459600
42290 0.0010129600
